,id,recession,present
0,1001.0,2.14,1.0
1,1003.0,3.43,3.43
2,1005.0,1.01,1.01
3,1007.0,2.15,1.82
4,1009.0,1.0,1.0
5,1011.0,1.37,1.19
6,1013.0,1.37,1.19
7,1015.0,1.58,1.58
8,1017.0,2.61,1.82
9,1019.0,2.61,3.43
10,1021.0,3.43,2.61
11,1023.0,1.82,1.19
12,1025.0,1.19,1.01
13,1027.0,2.61,1.82
14,1029.0,3.43,2.15
15,1031.0,3.43,2.61
16,1033.0,1.19,1.01
17,1035.0,1.58,2.15
18,1037.0,3.43,1.58
19,1039.0,1.82,1.82
20,1041.0,1.58,2.61
21,1043.0,2.15,1.82
22,1045.0,1.19,1.01
23,1047.0,1.37,1.01
24,1049.0,1.58,1.19
25,1051.0,1.0,1.0
26,1053.0,1.58,1.37
27,1055.0,1.82,1.82
28,1057.0,2.61,1.82
29,1059.0,1.37,1.37
30,1061.0,3.43,3.43
31,1063.0,2.15,1.19
32,1065.0,2.15,3.43
33,1067.0,1.0,2.61
34,1069.0,1.82,1.37
35,1071.0,1.58,1.58
36,1073.0,1.37,1.01
37,1075.0,1.82,1.37
38,1077.0,2.61,2.15
39,1079.0,2.61,3.43
40,1081.0,2.15,2.61
41,1083.0,2.61,3.43
42,1085.0,1.01,1.01
43,1087.0,2.15,1.01
44,1089.0,1.37,1.19
45,1091.0,1.82,3.43
46,1093.0,1.37,1.01
47,1095.0,1.82,1.58
48,1097.0,1.58,1.19
49,1099.0,1.82,1.01
50,1101.0,1.37,1.01
51,1103.0,1.58,1.19
52,1105.0,1.58,2.15
53,1107.0,2.15,1.82
54,1109.0,1.19,1.01
55,1111.0,3.43,3.43
56,1113.0,3.43,2.61
57,1115.0,1.0,1.0
58,1117.0,3.43,2.15
59,1119.0,1.01,1.01
60,1121.0,1.37,1.19
61,1123.0,1.82,2.61
62,1125.0,1.58,1.19
63,1127.0,1.58,1.19
64,1129.0,1.19,1.19
65,1131.0,3.43,1.19
66,1133.0,2.15,1.19
67,2013.0,0.78,0.78
68,2016.0,0.78,0.78
69,2020.0,1.82,1.82
70,2050.0,1.01,1.19
71,2060.0,0.78,0.78
72,2068.0,1.01,1.01
73,2070.0,0.78,1.01
74,2090.0,1.82,2.15
75,2100.0,2.61,2.61
76,2110.0,2.15,1.01
77,2122.0,3.43,2.15
78,2130.0,2.15,2.15
79,2150.0,2.15,2.15
80,2164.0,0.78,1.82
81,2170.0,1.0,0.78
82,2180.0,0.78,0.78
83,2185.0,0.78,1.0
84,2188.0,0.78,0.78
85,2201.0,2.15,0.78
86,2220.0,2.61,0.78
87,2240.0,1.19,0.78
88,2261.0,1.37,0.78
89,2270.0,0.78,1.58
90,2280.0,1.01,1.01
91,2282.0,1.0,1.19
92,2290.0,1.01,1.82
93,4001.0,1.01,0.78
94,4003.0,2.61,0.78
95,4005.0,2.15,1.37
96,4007.0,3.43,2.61
97,4009.0,1.82,1.82
98,4011.0,0.78,2.61
99,4012.0,1.82,2.15
100,4013.0,2.61,0.78
101,4015.0,1.0,1.01
102,4017.0,2.15,1.82
103,4019.0,2.61,3.43
104,4021.0,1.0,2.15
105,4023.0,3.43,2.15
106,4025.0,1.0,1.0
107,4027.0,2.61,2.15
108,5001.0,1.01,1.0
109,5003.0,0.78,2.15
110,5005.0,1.82,1.01
111,5007.0,2.15,1.01
112,5009.0,1.82,1.58
113,5011.0,1.19,1.01
114,5013.0,0.78,1.37
115,5015.0,2.15,2.15
116,5017.0,1.19,1.19
117,5019.0,0.78,1.37
118,5021.0,2.15,1.37
119,5023.0,2.61,1.01
120,5025.0,3.43,3.43
121,5027.0,1.19,3.43
122,5029.0,2.15,2.61
123,5031.0,1.58,1.01
124,5033.0,2.15,2.15
125,5035.0,2.61,1.37
126,5037.0,3.43,1.82
127,5039.0,0.78,1.82
128,5041.0,1.01,2.61
129,5043.0,2.61,1.01
130,5045.0,2.15,1.01
131,5047.0,2.15,1.82
132,5049.0,3.43,2.15
133,5051.0,2.15,2.15
134,5053.0,1.0,1.58
135,5055.0,1.82,1.58
136,5057.0,1.01,3.43
137,5059.0,2.15,1.82
138,5061.0,0.78,1.01
139,5063.0,1.01,1.58
140,5065.0,2.61,1.37
141,5067.0,0.78,1.01
142,5069.0,0.78,1.19
143,5071.0,1.58,1.19
144,5073.0,1.19,1.01
145,5075.0,1.82,1.82
146,5077.0,1.37,1.37
147,5079.0,1.82,1.19
148,5081.0,0.78,1.01
149,5083.0,1.37,1.82
150,5085.0,1.0,1.01
151,5087.0,2.61,2.15
152,5089.0,2.61,1.0
153,5091.0,2.15,1.37
154,5093.0,1.01,2.15
155,5095.0,1.58,1.58
156,5097.0,2.61,0.78
157,5099.0,1.82,1.37
158,5101.0,1.0,3.43
159,5103.0,2.15,1.01
160,5105.0,1.0,1.0
161,5107.0,1.37,1.01
162,5109.0,1.58,1.0
163,5111.0,2.61,1.82
164,5113.0,1.01,2.15
165,5115.0,1.37,1.58
166,5117.0,1.58,1.37
167,5119.0,1.19,1.19
168,5121.0,1.82,2.15
169,5123.0,1.01,1.01
170,5125.0,1.0,1.19
171,5127.0,1.58,1.19
172,5129.0,1.0,1.0
173,5131.0,1.01,2.61
174,5133.0,1.37,1.0
175,5135.0,1.0,1.01
176,5137.0,2.61,1.58
177,5139.0,1.01,2.15
178,5141.0,2.61,2.15
179,5143.0,1.58,1.01
180,5145.0,1.82,3.43
181,5147.0,1.19,1.37
182,5149.0,1.58,2.15
183,6001.0,3.43,2.15
184,6003.0,1.0,1.58
185,6005.0,3.43,1.82
186,6007.0,3.43,1.37
187,6009.0,1.0,3.43
188,6011.0,2.61,2.15
189,6013.0,1.0,1.0
190,6015.0,1.82,1.58
191,6017.0,1.0,3.43
192,6019.0,2.61,1.58
193,6021.0,3.43,1.0
194,6023.0,3.43,1.58
195,6025.0,3.43,2.61
196,6027.0,3.43,2.15
197,6029.0,3.43,1.58
198,6031.0,2.61,2.15
199,6033.0,1.0,1.82
200,6035.0,2.15,2.15
201,6037.0,3.43,3.43
202,6039.0,3.43,1.37
203,6041.0,1.0,1.82
204,6043.0,1.0,2.15
205,6045.0,3.43,3.43
206,6047.0,1.0,2.61
207,6049.0,3.43,2.15
208,6051.0,3.43,2.15
209,6053.0,3.43,2.61
210,6055.0,3.43,1.0
211,6057.0,1.0,2.15
212,6059.0,3.43,2.15
213,6061.0,1.0,3.43
214,6063.0,1.0,2.15
215,6065.0,1.0,3.43
216,6067.0,2.61,2.15
217,6069.0,1.0,3.43
218,6071.0,1.0,1.82
219,6073.0,3.43,1.0
220,6075.0,1.37,2.15
221,6077.0,1.0,2.15
222,6079.0,1.0,0.78
223,6081.0,3.43,2.61
224,6083.0,1.0,3.43
225,6085.0,2.15,1.19
226,6087.0,1.0,2.15
227,6089.0,3.43,1.01
228,6091.0,2.61,3.43
229,6093.0,3.43,2.15
230,6095.0,1.0,3.43
231,6097.0,1.0,2.61
232,6099.0,1.0,3.43
233,6101.0,1.0,2.61
234,6103.0,1.0,2.15
235,6105.0,2.61,2.61
236,6107.0,3.43,2.15
237,6109.0,1.0,1.0
238,6111.0,1.0,1.82
239,6113.0,2.61,3.43
240,6115.0,1.0,3.43
241,8001.0,3.43,1.58
242,8003.0,2.15,3.43
243,8005.0,2.61,2.15
244,8007.0,1.0,1.19
245,8009.0,0.78,1.82
246,8011.0,2.15,1.0
247,8013.0,2.15,1.37
248,8014.0,2.15,1.37
249,8015.0,3.43,1.37
250,8017.0,1.01,1.37
251,8019.0,1.0,2.15
252,8021.0,1.01,0.78
253,8023.0,1.58,3.43
254,8025.0,1.58,1.37
255,8027.0,1.0,2.61
256,8029.0,2.61,1.82
257,8031.0,1.19,1.0
258,8033.0,1.0,2.61
259,8035.0,1.0,1.01
260,8037.0,3.43,1.0
261,8039.0,1.0,3.43
262,8041.0,3.43,2.61
263,8043.0,3.43,1.0
264,8045.0,2.61,2.61
265,8047.0,2.15,2.61
266,8049.0,3.43,2.15
267,8051.0,3.43,1.01
268,8055.0,2.61,2.61
269,8057.0,2.15,2.61
270,8059.0,3.43,2.15
271,8061.0,2.61,3.43
272,8063.0,1.19,0.78
273,8065.0,1.0,2.61
274,8067.0,2.61,1.19
275,8069.0,3.43,0.78
276,8071.0,1.37,2.15
277,8073.0,1.37,3.43
278,8075.0,2.15,2.15
279,8077.0,2.61,2.15
280,8079.0,2.61,1.01
281,8081.0,1.82,1.37
282,8083.0,2.15,2.61
283,8085.0,3.43,0.78
284,8087.0,2.15,2.61
285,8089.0,1.58,2.15
286,8091.0,1.0,2.15
287,8093.0,1.0,1.58
288,8095.0,1.82,1.37
289,8097.0,3.43,1.58
290,8099.0,1.01,1.0
291,8101.0,2.61,3.43
292,8103.0,1.01,1.82
293,8105.0,1.37,0.78
294,8107.0,3.43,1.58
295,8109.0,1.0,1.19
296,8111.0,1.0,1.19
297,8113.0,1.82,2.15
298,8115.0,1.01,1.19
299,8117.0,3.43,0.78
300,8119.0,1.0,1.58
301,8121.0,3.43,2.61
302,8123.0,3.43,2.61
303,8125.0,1.82,1.0
304,9001.0,1.82,1.58
305,9003.0,1.19,3.43
306,9005.0,3.43,1.19
307,9007.0,2.61,1.82
308,9009.0,1.82,1.01
309,9011.0,1.82,3.43
310,9013.0,3.43,2.15
311,9015.0,3.43,1.37
312,10001.0,2.61,1.19
313,10003.0,1.58,2.61
314,10005.0,3.43,2.15
315,11001.0,0.78,2.61
316,12001.0,1.58,1.19
317,12003.0,3.43,3.43
318,12005.0,2.61,0.78
319,12007.0,2.61,1.01
320,12009.0,3.43,3.43
321,12011.0,3.43,2.15
322,12013.0,1.01,2.61
323,12015.0,1.0,2.15
324,12017.0,1.0,1.82
325,12019.0,1.0,3.43
326,12021.0,1.0,3.43
327,12023.0,2.15,3.43
328,12027.0,2.15,1.0
329,12029.0,1.82,2.61
330,12031.0,1.82,1.82
331,12033.0,2.15,1.37
332,12035.0,1.0,1.58
333,12037.0,1.0,1.19
334,12039.0,3.43,1.58
335,12041.0,1.0,1.0
336,12043.0,3.43,1.0
337,12045.0,1.0,1.37
338,12047.0,1.19,1.0
339,12049.0,2.61,1.58
340,12051.0,2.15,2.61
341,12053.0,1.0,0.78
342,12055.0,3.43,1.58
343,12057.0,2.15,1.37
344,12059.0,3.43,3.43
345,12061.0,1.0,2.61
346,12063.0,1.82,1.37
347,12065.0,1.0,1.0
348,12067.0,2.15,2.61
349,12069.0,1.0,1.82
350,12071.0,1.0,1.0
351,12073.0,1.58,1.58
352,12075.0,1.0,3.43
353,12077.0,1.19,2.15
354,12079.0,3.43,1.01
355,12081.0,1.0,3.43
356,12083.0,3.43,1.01
357,12085.0,1.0,2.15
358,12086.0,3.43,3.43
359,12087.0,1.0,2.61
360,12089.0,1.0,2.61
361,12091.0,3.43,1.37
362,12093.0,2.61,2.15
363,12095.0,2.15,1.0
364,12097.0,1.0,2.15
365,12099.0,3.43,1.82
366,12101.0,1.0,1.19
367,12103.0,2.61,3.43
368,12105.0,2.61,1.82
369,12107.0,2.15,1.0
370,12109.0,1.0,1.58
371,12111.0,1.0,2.15
372,12113.0,1.0,2.61
373,12115.0,1.0,1.0
374,12117.0,3.43,1.0
375,12119.0,1.0,1.0
376,12121.0,2.61,2.15
377,12123.0,1.37,2.15
378,12125.0,1.82,3.43
379,12127.0,1.0,2.15
380,12129.0,1.0,1.82
381,12131.0,1.0,1.58
382,12133.0,3.43,2.61
383,13001.0,1.58,1.0
384,13003.0,1.01,3.43
385,13005.0,1.82,2.15
386,13007.0,2.61,0.78
387,13009.0,1.37,2.61
388,13011.0,3.43,1.58
389,13013.0,1.0,1.82
390,13015.0,2.15,1.19
391,13017.0,1.01,2.61
392,13019.0,3.43,3.43
393,13021.0,1.19,1.82
394,13023.0,1.37,0.78
395,13025.0,1.0,3.43
396,13027.0,1.0,0.78
397,13029.0,1.0,2.61
398,13031.0,2.15,1.82
399,13033.0,1.37,2.15
400,13035.0,1.0,1.0
401,13037.0,1.01,1.82
402,13039.0,3.43,0.78
403,13043.0,2.15,1.82
404,13045.0,2.61,1.19
405,13047.0,1.0,3.43
406,13049.0,1.01,1.19
407,13051.0,1.82,1.82
408,13053.0,3.43,3.43
409,13055.0,1.58,2.61
410,13057.0,1.0,1.37
411,13059.0,1.19,1.58
412,13061.0,0.78,1.37
413,13063.0,1.82,1.0
414,13065.0,1.01,1.01
415,13067.0,2.61,3.43
416,13069.0,1.19,1.01
417,13071.0,1.58,1.82
418,13073.0,1.0,1.58
419,13075.0,2.61,1.01
420,13077.0,1.0,1.01
421,13079.0,1.0,1.0
422,13081.0,2.15,1.82
423,13083.0,3.43,3.43
424,13085.0,1.0,1.0
425,13087.0,2.61,1.37
426,13089.0,2.15,1.82
427,13091.0,1.19,1.0
428,13093.0,2.61,1.82
429,13095.0,1.01,1.58
430,13097.0,1.0,1.37
431,13099.0,1.19,1.19
432,13101.0,1.0,0.78
433,13103.0,1.0,2.61
434,13105.0,1.82,1.01
435,13107.0,2.15,1.19
436,13109.0,1.01,1.0
437,13111.0,1.0,2.61
438,13113.0,1.0,1.37
439,13115.0,1.58,1.37
440,13117.0,1.0,1.0
441,13119.0,2.61,3.43
442,13121.0,1.37,1.19
443,13123.0,1.0,3.43
444,13125.0,3.43,1.82
445,13127.0,1.82,0.78
446,13129.0,2.61,3.43
447,13131.0,3.43,3.43
448,13133.0,1.0,1.82
449,13135.0,2.61,1.37
450,13137.0,2.61,2.15
451,13139.0,2.15,2.15
452,13141.0,1.82,1.82
453,13143.0,2.15,1.58
454,13145.0,1.0,1.58
455,13147.0,2.61,3.43
456,13149.0,2.61,2.15
457,13151.0,1.0,1.0
458,13153.0,2.15,1.82
459,13155.0,3.43,2.61
460,13157.0,1.0,3.43
461,13159.0,1.0,2.15
462,13161.0,1.58,2.15
463,13163.0,1.37,1.82
464,13165.0,3.43,1.0
465,13167.0,1.82,1.58
466,13169.0,1.0,2.15
467,13171.0,1.0,1.82
468,13173.0,1.0,2.61
469,13175.0,1.37,1.0
470,13177.0,1.0,3.43
471,13179.0,2.61,1.0
472,13181.0,1.0,1.37
473,13183.0,1.0,1.0
474,13185.0,2.15,2.61
475,13187.0,1.0,3.43
476,13189.0,1.82,1.0
477,13191.0,1.0,1.58
478,13193.0,1.01,3.43
479,13195.0,1.0,1.58
480,13197.0,2.15,1.0
481,13199.0,3.43,1.58
482,13201.0,1.58,1.0
483,13205.0,1.58,3.43
484,13207.0,3.43,2.61
485,13209.0,2.61,1.58
486,13211.0,1.0,1.37
487,13213.0,1.82,3.43
488,13215.0,1.82,3.43
489,13217.0,1.0,2.61
490,13219.0,1.0,2.15
491,13221.0,1.0,1.37
492,13223.0,1.0,3.43
493,13225.0,2.15,3.43
494,13227.0,1.0,1.0
495,13229.0,3.43,1.0
496,13231.0,1.0,1.58
497,13233.0,2.15,1.0
498,13235.0,3.43,3.43
499,13237.0,1.0,1.0
500,13239.0,3.43,2.15
501,13241.0,3.43,2.15
502,13243.0,0.78,3.43
503,13245.0,1.19,0.78
504,13247.0,3.43,3.43
505,13249.0,1.37,1.01
506,13251.0,2.61,1.01
507,13253.0,3.43,2.15
508,13255.0,3.43,1.37
509,13257.0,2.61,2.15
510,13259.0,1.19,1.82
511,13261.0,1.82,2.61
512,13263.0,1.0,1.82
513,13265.0,1.37,0.78
514,13267.0,2.15,1.19
515,13269.0,0.78,1.0
516,13271.0,3.43,3.43
517,13273.0,3.43,2.61
518,13275.0,1.58,1.58
519,13277.0,1.58,2.15
520,13279.0,1.58,0.78
521,13281.0,3.43,1.37
522,13283.0,3.43,1.01
523,13285.0,1.37,1.37
524,13287.0,2.61,1.0
525,13289.0,1.0,2.15
526,13291.0,1.0,1.01
527,13293.0,3.43,1.01
528,13295.0,1.0,2.61
529,13297.0,1.0,2.61
530,13299.0,1.19,2.15
531,13301.0,3.43,2.61
532,13303.0,2.15,3.43
533,13305.0,1.58,1.01
534,13307.0,1.0,1.58
535,13309.0,0.78,1.58
536,13311.0,1.0,1.58
537,13313.0,1.19,1.01
538,13315.0,3.43,1.58
539,13317.0,2.61,2.15
540,13319.0,2.15,0.78
541,13321.0,2.61,1.0
542,15001.0,3.43,1.37
543,15003.0,2.61,1.01
544,15007.0,3.43,3.43
545,15009.0,3.43,2.61
546,16001.0,2.15,2.61
547,16003.0,1.0,2.15
548,16005.0,1.82,2.61
549,16007.0,3.43,1.82
550,16009.0,1.58,3.43
551,16011.0,1.82,2.15
552,16013.0,1.0,3.43
553,16015.0,1.0,1.82
554,16017.0,3.43,2.15
555,16019.0,2.15,3.43
556,16021.0,3.43,1.0
557,16023.0,0.78,3.43
558,16025.0,2.15,1.82
559,16027.0,3.43,3.43
560,16029.0,1.37,0.78
561,16031.0,1.37,0.78
562,16033.0,0.78,3.43
563,16035.0,2.61,1.01
564,16037.0,1.37,1.19
565,16039.0,1.0,0.78
566,16041.0,3.43,1.82
567,16043.0,1.0,2.15
568,16045.0,1.0,3.43
569,16047.0,1.82,1.0
570,16049.0,2.15,3.43
571,16051.0,1.0,1.0
572,16053.0,1.37,1.82
573,16055.0,3.43,2.15
574,16057.0,2.61,1.0
575,16059.0,1.58,1.19
576,16061.0,1.0,3.43
577,16063.0,3.43,2.15
578,16065.0,1.82,1.01
579,16067.0,1.82,2.61
580,16069.0,1.19,1.58
581,16071.0,2.61,1.82
582,16073.0,2.15,1.82
583,16075.0,3.43,1.82
584,16077.0,2.61,1.0
585,16079.0,1.82,2.61
586,16081.0,1.0,1.0
587,16083.0,1.82,1.19
588,16085.0,1.0,1.58
589,16087.0,1.82,1.0
590,17001.0,1.19,2.15
591,17003.0,1.37,3.43
592,17005.0,1.82,2.15
593,17007.0,3.43,1.01
594,17009.0,0.78,1.58
595,17011.0,1.37,2.15
596,17013.0,1.0,2.61
597,17015.0,2.61,0.78
598,17017.0,0.78,1.01
599,17019.0,1.37,2.61
600,17021.0,1.58,1.82
601,17023.0,2.61,1.19
602,17025.0,0.78,1.01
603,17027.0,2.15,1.37
604,17029.0,1.01,2.15
605,17031.0,1.58,0.78
606,17033.0,1.19,1.82
607,17035.0,1.82,0.78
608,17037.0,2.61,1.01
609,17039.0,1.58,0.78
610,17041.0,1.19,1.82
611,17043.0,1.82,2.15
612,17045.0,1.19,1.19
613,17047.0,1.19,1.19
614,17049.0,1.01,1.01
615,17051.0,1.82,1.01
616,17053.0,1.82,1.58
617,17055.0,1.82,0.78
618,17057.0,2.15,2.15
619,17059.0,1.58,1.01
620,17061.0,2.61,2.15
621,17063.0,2.15,1.82
622,17065.0,2.61,1.37
623,17067.0,1.82,2.61
624,17069.0,1.58,1.82
625,17071.0,1.0,1.58
626,17073.0,3.43,2.61
627,17075.0,2.15,1.58
628,17077.0,1.01,1.0
629,17079.0,1.82,3.43
630,17081.0,1.01,2.15
631,17083.0,1.0,0.78
632,17085.0,2.15,3.43
633,17087.0,2.61,0.78
634,17089.0,3.43,2.61
635,17091.0,1.82,2.61
636,17093.0,1.0,2.61
637,17095.0,1.37,1.82
638,17097.0,2.61,1.37
639,17099.0,1.37,1.0
640,17101.0,1.19,1.58
641,17103.0,1.58,1.19
642,17105.0,0.78,1.37
643,17107.0,1.58,2.15
644,17109.0,0.78,1.19
645,17111.0,1.0,1.19
646,17113.0,1.19,1.58
647,17115.0,1.19,1.19
648,17117.0,2.61,3.43
649,17119.0,2.61,1.19
650,17121.0,1.58,0.78
651,17123.0,2.61,2.61
652,17125.0,2.61,1.58
653,17127.0,0.78,1.37
654,17129.0,1.0,1.0
655,17131.0,1.0,2.15
656,17133.0,1.0,1.58
657,17135.0,2.15,1.0
658,17137.0,1.19,3.43
659,17139.0,1.19,1.0
660,17141.0,2.61,2.61
661,17143.0,1.19,1.01
662,17145.0,1.82,1.37
663,17147.0,1.0,2.61
664,17149.0,1.82,0.78
665,17151.0,3.43,1.58
666,17153.0,1.58,1.0
667,17155.0,1.01,2.61
668,17157.0,1.19,3.43
669,17159.0,1.82,1.37
670,17161.0,1.01,2.15
671,17163.0,2.15,1.19
672,17165.0,1.19,1.01
673,17167.0,0.78,1.01
674,17169.0,1.37,1.82
675,17171.0,1.37,1.58
676,17173.0,2.15,0.78
677,17175.0,1.82,3.43
678,17177.0,1.01,2.61
679,17179.0,1.37,1.58
680,17181.0,1.37,1.19
681,17183.0,1.37,1.01
682,17185.0,1.58,2.15
683,17187.0,1.01,1.37
684,17189.0,1.37,1.01
685,17191.0,1.19,1.82
686,17193.0,1.82,1.37
687,17195.0,1.82,1.01
688,17197.0,1.0,1.58
689,17199.0,1.37,1.58
690,17201.0,1.58,1.82
691,17203.0,2.61,2.61
692,18001.0,1.58,1.19
693,18003.0,1.58,1.01
694,18005.0,1.19,3.43
695,18007.0,1.0,1.19
696,18009.0,1.37,1.19
697,18011.0,1.0,1.01
698,18013.0,1.0,2.15
699,18015.0,3.43,1.82
700,18017.0,1.19,2.15
701,18019.0,1.82,1.0
702,18021.0,3.43,3.43
703,18023.0,1.58,1.19
704,18025.0,3.43,1.37
705,18027.0,1.58,2.15
706,18029.0,1.0,1.58
707,18031.0,1.82,1.0
708,18033.0,1.58,1.19
709,18035.0,1.58,2.61
710,18037.0,1.01,1.37
711,18039.0,1.01,1.37
712,18041.0,2.15,1.19
713,18043.0,2.15,0.78
714,18045.0,1.58,0.78
715,18047.0,1.0,2.61
716,18049.0,2.61,2.15
717,18051.0,1.01,2.61
718,18053.0,1.58,1.0
719,18055.0,2.61,1.0
720,18057.0,3.43,0.78
721,18059.0,1.0,1.19
722,18061.0,2.61,3.43
723,18063.0,3.43,2.15
724,18065.0,2.61,2.61
725,18067.0,1.19,2.61
726,18069.0,1.82,2.15
727,18071.0,1.58,2.15
728,18073.0,2.61,1.01
729,18075.0,1.01,1.19
730,18077.0,1.82,1.19
731,18079.0,1.82,1.82
732,18081.0,1.0,1.19
733,18083.0,1.19,1.82
734,18085.0,1.37,2.15
735,18087.0,2.15,2.61
736,18089.0,1.82,1.01
737,18091.0,1.82,1.19
738,18093.0,3.43,1.37
739,18095.0,2.61,1.58
740,18097.0,1.01,1.82
741,18099.0,1.37,1.82
742,18101.0,0.78,2.15
743,18103.0,2.61,0.78
744,18105.0,1.58,1.19
745,18107.0,1.58,0.78
746,18109.0,1.0,1.82
747,18111.0,3.43,1.19
748,18113.0,1.58,1.58
749,18115.0,2.61,1.0
750,18117.0,2.15,3.43
751,18119.0,3.43,1.82
752,18121.0,1.0,1.0
753,18123.0,1.37,1.37
754,18125.0,2.61,1.82
755,18127.0,2.61,2.61
756,18129.0,2.15,1.37
757,18131.0,3.43,2.15
758,18133.0,2.61,2.61
759,18135.0,2.61,1.82
760,18137.0,1.58,1.19
761,18139.0,1.0,2.15
762,18141.0,1.37,2.15
763,18143.0,2.61,1.58
764,18145.0,2.15,2.15
765,18147.0,1.37,1.19
766,18149.0,1.0,1.58
767,18151.0,2.15,1.58
768,18153.0,3.43,2.61
769,18155.0,2.15,3.43
770,18157.0,1.37,1.58
771,18159.0,3.43,1.19
772,18161.0,3.43,3.43
773,18163.0,1.01,1.19
774,18165.0,1.37,2.15
775,18167.0,1.19,1.0
776,18169.0,2.15,1.01
777,18171.0,3.43,1.01
778,18173.0,1.0,1.01
779,18175.0,3.43,1.37
780,18177.0,1.37,1.0
781,18179.0,2.61,3.43
782,18181.0,3.43,3.43
783,18183.0,2.61,1.37
784,19001.0,1.82,1.58
785,19003.0,3.43,1.82
786,19005.0,1.19,2.15
787,19007.0,1.58,1.37
788,19009.0,1.37,2.61
789,19011.0,1.0,1.19
790,19013.0,1.19,1.19
791,19015.0,2.15,2.61
792,19017.0,1.58,3.43
793,19019.0,3.43,1.01
794,19021.0,1.01,2.15
795,19023.0,1.0,1.82
796,19025.0,1.58,2.61
797,19027.0,1.19,0.78
798,19029.0,1.82,3.43
799,19031.0,3.43,1.37
800,19033.0,1.58,1.01
801,19035.0,0.78,0.78
802,19037.0,1.58,3.43
803,19039.0,1.82,1.01
804,19041.0,1.01,1.01
805,19043.0,1.82,1.58
806,19045.0,1.19,1.19
807,19047.0,1.19,1.19
808,19049.0,2.15,1.58
809,19051.0,3.43,1.58
810,19053.0,3.43,1.19
811,19055.0,1.82,1.58
812,19057.0,1.01,1.0
813,19059.0,1.82,0.78
814,19061.0,1.58,1.58
815,19063.0,1.01,1.01
816,19065.0,1.82,2.15
817,19067.0,2.15,1.19
818,19069.0,2.61,1.19
819,19071.0,1.58,1.37
820,19073.0,2.61,1.58
821,19075.0,2.61,1.19
822,19077.0,1.0,1.37
823,19079.0,1.37,1.58
824,19081.0,1.58,2.15
825,19083.0,1.82,3.43
826,19085.0,1.0,1.82
827,19087.0,1.01,1.58
828,19089.0,1.37,1.37
829,19091.0,1.37,2.61
830,19093.0,1.82,0.78
831,19095.0,0.78,1.19
832,19097.0,2.15,1.19
833,19099.0,2.61,1.01
834,19101.0,1.37,1.19
835,19103.0,1.37,2.61
836,19105.0,2.15,2.61
837,19107.0,2.15,1.01
838,19109.0,1.82,1.37
839,19111.0,1.01,2.15
840,19113.0,1.19,3.43
841,19115.0,2.61,1.82
842,19117.0,0.78,1.01
843,19119.0,1.82,1.19
844,19121.0,1.0,1.37
845,19123.0,1.58,1.37
846,19125.0,1.37,2.15
847,19127.0,1.19,1.0
848,19129.0,1.0,1.01
849,19131.0,1.01,1.37
850,19133.0,1.19,1.37
851,19135.0,0.78,2.61
852,19137.0,1.37,1.58
853,19139.0,1.19,1.37
854,19141.0,1.19,0.78
855,19143.0,2.15,1.19
856,19145.0,1.01,0.78
857,19147.0,1.01,1.58
858,19149.0,1.37,1.01
859,19151.0,1.58,1.19
860,19153.0,1.19,1.01
861,19155.0,1.58,1.19
862,19157.0,1.01,0.78
863,19159.0,1.37,1.01
864,19161.0,2.61,1.37
865,19163.0,1.37,1.01
866,19165.0,1.58,1.37
867,19167.0,1.01,1.37
868,19169.0,1.37,1.37
869,19171.0,3.43,0.78
870,19173.0,1.37,1.19
871,19175.0,1.58,1.01
872,19177.0,1.01,1.58
873,19179.0,1.01,2.15
874,19181.0,1.0,1.19
875,19183.0,2.61,1.58
876,19185.0,0.78,1.01
877,19187.0,1.19,1.0
878,19189.0,1.01,2.15
879,19191.0,1.01,1.82
880,19193.0,1.01,1.01
881,19195.0,1.82,1.37
882,19197.0,1.01,0.78
883,20001.0,1.01,1.01
884,20003.0,2.15,1.19
885,20005.0,1.01,0.78
886,20007.0,1.19,0.78
887,20009.0,0.78,1.82
888,20011.0,2.15,1.19
889,20013.0,1.01,0.78
890,20015.0,3.43,0.78
891,20017.0,1.0,1.58
892,20019.0,1.01,0.78
893,20021.0,1.82,3.43
894,20023.0,0.78,1.58
895,20025.0,1.58,1.82
896,20027.0,1.58,1.58
897,20029.0,1.58,0.78
898,20031.0,0.78,1.37
899,20033.0,1.58,1.82
900,20035.0,1.19,1.01
901,20037.0,1.82,0.78
902,20039.0,1.58,0.78
903,20041.0,1.58,1.01
904,20043.0,1.01,1.01
905,20045.0,2.15,1.19
906,20047.0,1.0,2.15
907,20049.0,0.78,1.58
908,20051.0,1.19,1.82
909,20053.0,1.19,1.58
910,20055.0,1.01,0.78
911,20057.0,1.01,1.19
912,20059.0,1.58,1.58
913,20061.0,1.58,1.19
914,20063.0,0.78,0.78
915,20065.0,1.01,1.37
916,20067.0,0.78,1.82
917,20069.0,0.78,0.78
918,20071.0,0.78,2.15
919,20073.0,1.19,1.19
920,20075.0,0.78,1.01
921,20077.0,1.01,2.61
922,20079.0,1.82,1.19
923,20081.0,0.78,0.78
924,20083.0,1.82,1.01
925,20085.0,1.82,1.37
926,20087.0,3.43,1.82
927,20089.0,0.78,0.78
928,20091.0,1.82,3.43
929,20093.0,1.19,2.61
930,20095.0,1.58,0.78
931,20097.0,1.82,1.37
932,20099.0,0.78,1.01
933,20101.0,1.01,3.43
934,20103.0,3.43,0.78
935,20105.0,0.78,0.78
936,20107.0,2.61,1.37
937,20109.0,1.37,3.43
938,20111.0,1.01,0.78
939,20113.0,1.37,2.15
940,20115.0,2.15,1.82
941,20117.0,0.78,1.01
942,20119.0,1.58,1.01
943,20121.0,1.0,2.15
944,20123.0,0.78,1.01
945,20125.0,1.19,1.58
946,20127.0,1.82,1.0
947,20129.0,0.78,0.78
948,20131.0,0.78,1.01
949,20133.0,0.78,1.01
950,20135.0,2.15,2.61
951,20137.0,0.78,0.78
952,20139.0,3.43,0.78
953,20141.0,0.78,1.19
954,20143.0,2.15,1.37
955,20145.0,0.78,1.0
956,20147.0,0.78,0.78
957,20149.0,1.82,2.15
958,20151.0,0.78,0.78
959,20153.0,0.78,1.01
960,20155.0,1.19,1.82
961,20157.0,1.19,1.01
962,20159.0,1.37,1.37
963,20161.0,1.19,1.19
964,20163.0,0.78,0.78
965,20165.0,1.19,1.01
966,20167.0,0.78,1.37
967,20169.0,1.37,2.15
968,20171.0,1.82,1.58
969,20173.0,1.19,0.78
970,20175.0,1.01,1.01
971,20177.0,1.19,1.01
972,20179.0,1.19,1.19
973,20181.0,3.43,0.78
974,20183.0,0.78,0.78
975,20185.0,1.82,1.01
976,20187.0,0.78,2.61
977,20189.0,2.15,0.78
978,20191.0,2.61,0.78
979,20193.0,1.01,0.78
980,20195.0,1.01,1.37
981,20197.0,2.15,2.15
982,20199.0,0.78,1.37
983,20201.0,2.61,0.78
984,20203.0,0.78,1.0
985,20205.0,0.78,3.43
986,20207.0,0.78,1.82
987,20209.0,1.01,0.78
988,21001.0,1.82,1.01
989,21003.0,3.43,0.78
990,21005.0,1.0,0.78
991,21007.0,0.78,2.61
992,21009.0,1.37,3.43
993,21011.0,3.43,3.43
994,21013.0,1.37,2.61
995,21015.0,1.37,1.37
996,21017.0,2.15,2.61
997,21019.0,1.01,1.58
998,21021.0,1.58,1.19
999,21023.0,3.43,1.58
1000,21025.0,1.37,0.78
1001,21027.0,1.0,1.19
1002,21029.0,3.43,1.82
1003,21031.0,2.61,1.58
1004,21033.0,1.58,3.43
1005,21035.0,1.01,2.61
1006,21037.0,2.61,1.82
1007,21039.0,1.01,2.15
1008,21041.0,0.78,1.01
1009,21043.0,2.61,2.15
1010,21045.0,2.15,1.19
1011,21047.0,1.19,0.78
1012,21049.0,1.82,3.43
1013,21051.0,1.58,2.61
1014,21053.0,2.15,1.01
1015,21055.0,2.61,1.58
1016,21057.0,1.19,1.19
1017,21059.0,1.19,2.15
1018,21061.0,1.0,1.82
1019,21063.0,3.43,2.15
1020,21065.0,3.43,1.19
1021,21067.0,1.37,1.0
1022,21069.0,3.43,3.43
1023,21071.0,1.58,2.61
1024,21073.0,1.37,1.01
1025,21075.0,0.78,2.61
1026,21077.0,1.82,1.82
1027,21079.0,1.0,1.19
1028,21081.0,1.0,1.58
1029,21083.0,2.15,0.78
1030,21085.0,2.15,1.0
1031,21087.0,1.0,3.43
1032,21089.0,3.43,1.82
1033,21091.0,1.01,2.15
1034,21093.0,1.58,1.0
1035,21095.0,1.37,3.43
1036,21097.0,3.43,1.19
1037,21099.0,2.15,1.58
1038,21101.0,1.19,1.01
1039,21103.0,1.0,2.61
1040,21105.0,1.19,1.19
1041,21107.0,1.01,1.01
1042,21109.0,3.43,1.0
1043,21111.0,1.19,3.43
1044,21113.0,3.43,1.19
1045,21115.0,2.61,3.43
1046,21117.0,1.82,1.01
1047,21119.0,1.01,2.15
1048,21121.0,2.15,2.15
1049,21123.0,2.15,1.19
1050,21125.0,1.82,2.15
1051,21127.0,1.37,2.15
1052,21129.0,1.58,1.0
1053,21131.0,1.37,1.19
1054,21133.0,1.37,1.37
1055,21135.0,1.58,2.15
1056,21137.0,3.43,1.37
1057,21139.0,1.82,1.19
1058,21141.0,2.15,1.37
1059,21143.0,1.82,2.61
1060,21145.0,1.01,2.15
1061,21147.0,1.82,1.82
1062,21149.0,1.0,1.58
1063,21151.0,2.15,1.01
1064,21153.0,1.82,2.61
1065,21155.0,1.19,1.0
1066,21157.0,1.37,1.82
1067,21159.0,1.01,1.0
1068,21161.0,1.19,1.01
1069,21163.0,1.0,1.37
1070,21165.0,1.0,1.58
1071,21167.0,2.15,1.01
1072,21169.0,2.61,1.0
1073,21171.0,1.82,2.61
1074,21173.0,1.82,1.58
1075,21175.0,2.15,2.15
1076,21177.0,1.58,1.58
1077,21179.0,2.61,1.37
1078,21181.0,1.0,1.37
1079,21183.0,1.19,1.19
1080,21185.0,1.0,2.15
1081,21187.0,1.0,1.0
1082,21189.0,1.37,1.82
1083,21191.0,1.0,1.0
1084,21193.0,1.01,1.0
1085,21195.0,1.19,0.78
1086,21197.0,3.43,3.43
1087,21199.0,1.58,0.78
1088,21201.0,1.0,1.01
1089,21203.0,3.43,1.58
1090,21205.0,1.01,1.37
1091,21207.0,2.15,1.0
1092,21209.0,1.37,1.82
1093,21211.0,2.61,1.01
1094,21213.0,1.01,1.58
1095,21215.0,1.0,1.58
1096,21217.0,1.82,3.43
1097,21219.0,1.0,1.37
1098,21221.0,1.58,1.0
1099,21223.0,1.0,1.01
1100,21225.0,1.37,1.0
1101,21227.0,1.37,1.0
1102,21229.0,2.15,1.0
1103,21231.0,1.82,1.37
1104,21233.0,1.19,1.19
1105,21235.0,1.37,1.82
1106,21237.0,3.43,1.82
1107,21239.0,3.43,2.61
1108,22001.0,2.15,1.01
1109,22003.0,1.01,2.61
1110,22005.0,2.61,2.15
1111,22007.0,2.15,2.61
1112,22009.0,2.15,1.37
1113,22011.0,2.15,2.15
1114,22013.0,1.19,2.61
1115,22015.0,2.61,2.15
1116,22017.0,1.19,2.61
1117,22019.0,1.19,1.37
1118,22021.0,2.61,2.61
1119,22023.0,0.78,1.37
1120,22025.0,2.15,1.19
1121,22027.0,1.58,1.0
1122,22029.0,1.58,0.78
1123,22031.0,2.61,1.0
1124,22033.0,1.19,1.58
1125,22035.0,1.01,1.58
1126,22037.0,2.61,2.15
1127,22039.0,2.61,1.19
1128,22041.0,2.61,1.01
1129,22043.0,1.0,2.61
1130,22045.0,0.78,2.15
1131,22047.0,1.19,2.61
1132,22049.0,2.15,3.43
1133,22051.0,1.37,1.19
1134,22053.0,2.15,1.01
1135,22055.0,1.01,2.15
1136,22057.0,1.01,1.37
1137,22059.0,2.15,2.61
1138,22061.0,1.82,1.58
1139,22063.0,1.0,1.37
1140,22065.0,1.37,1.58
1141,22067.0,1.82,1.82
1142,22069.0,1.19,1.0
1143,22071.0,1.01,1.19
1144,22073.0,1.82,2.61
1145,22075.0,1.01,1.58
1146,22077.0,2.61,1.19
1147,22079.0,1.19,1.37
1148,22081.0,1.19,1.01
1149,22083.0,1.82,3.43
1150,22085.0,2.15,1.37
1151,22087.0,1.01,1.01
1152,22089.0,1.19,1.58
1153,22091.0,1.0,2.61
1154,22093.0,1.01,1.82
1155,22095.0,2.15,1.19
1156,22097.0,2.15,3.43
1157,22099.0,3.43,0.78
1158,22101.0,0.78,1.82
1159,22103.0,1.0,2.15
1160,22105.0,2.15,2.61
1161,22107.0,1.58,1.01
1162,22109.0,1.19,2.61
1163,22111.0,3.43,2.61
1164,22113.0,2.15,2.15
1165,22115.0,1.58,1.37
1166,22117.0,1.82,2.15
1167,22119.0,3.43,2.61
1168,22121.0,1.19,2.15
1169,22123.0,2.15,1.82
1170,22125.0,1.01,1.58
1171,22127.0,1.19,2.15
1172,23001.0,1.82,1.82
1173,23003.0,1.19,0.78
1174,23005.0,1.82,1.19
1175,23007.0,2.61,1.37
1176,23009.0,2.15,1.19
1177,23011.0,1.82,1.58
1178,23013.0,1.82,1.82
1179,23015.0,1.0,1.82
1180,23017.0,3.43,1.19
1181,23019.0,1.58,2.15
1182,23021.0,2.15,2.61
1183,23023.0,2.15,2.61
1184,23025.0,1.19,1.37
1185,23027.0,3.43,1.82
1186,23029.0,1.82,1.82
1187,23031.0,3.43,1.37
1188,24001.0,1.58,1.82
1189,24003.0,3.43,1.19
1190,24005.0,2.15,2.61
1191,24009.0,1.0,1.19
1192,24011.0,1.0,2.61
1193,24013.0,1.0,1.82
1194,24015.0,3.43,1.0
1195,24017.0,1.0,2.61
1196,24019.0,2.61,1.0
1197,24021.0,3.43,2.61
1198,24023.0,1.82,1.0
1199,24025.0,1.0,1.58
1200,24027.0,2.61,3.43
1201,24029.0,3.43,1.58
1202,24031.0,3.43,2.61
1203,24033.0,3.43,1.82
1204,24035.0,1.0,3.43
1205,24037.0,2.61,2.15
1206,24039.0,1.58,2.61
1207,24041.0,3.43,1.0
1208,24043.0,2.61,2.15
1209,24045.0,2.15,1.37
1210,24047.0,1.0,3.43
1211,24510.0,0.78,1.82
1212,25001.0,3.43,1.37
1213,25003.0,1.37,2.61
1214,25005.0,2.61,0.78
1215,25007.0,3.43,2.61
1216,25009.0,2.61,1.37
1217,25011.0,2.61,1.82
1218,25013.0,1.58,3.43
1219,25015.0,2.15,2.15
1220,25017.0,1.58,1.58
1221,25019.0,2.15,1.37
1222,25021.0,2.15,1.37
1223,25023.0,1.0,1.19
1224,25025.0,0.78,2.61
1225,25027.0,2.61,2.15
1226,26001.0,1.0,2.61
1227,26003.0,1.58,0.78
1228,26005.0,3.43,1.82
1229,26007.0,2.15,1.0
1230,26009.0,1.0,2.61
1231,26011.0,3.43,1.82
1232,26013.0,0.78,1.37
1233,26015.0,1.0,3.43
1234,26017.0,1.82,2.61
1235,26019.0,1.0,1.01
1236,26021.0,1.82,3.43
1237,26023.0,2.15,1.58
1238,26025.0,1.37,1.0
1239,26027.0,1.0,1.19
1240,26029.0,2.15,1.58
1241,26031.0,1.0,1.01
1242,26033.0,1.58,1.0
1243,26035.0,2.61,1.58
1244,26037.0,1.0,3.43
1245,26039.0,2.61,1.82
1246,26041.0,1.82,1.82
1247,26043.0,1.01,1.0
1248,26045.0,3.43,1.82
1249,26047.0,2.15,1.58
1250,26049.0,2.15,0.78
1251,26051.0,1.0,1.37
1252,26053.0,0.78,1.37
1253,26055.0,2.15,1.82
1254,26057.0,1.82,3.43
1255,26059.0,2.15,0.78
1256,26061.0,1.01,1.58
1257,26063.0,2.61,1.37
1258,26065.0,1.19,1.82
1259,26067.0,2.61,1.01
1260,26069.0,2.15,2.15
1261,26071.0,1.19,0.78
1262,26073.0,1.58,2.15
1263,26075.0,2.61,0.78
1264,26077.0,1.82,1.82
1265,26079.0,3.43,1.01
1266,26081.0,1.58,1.37
1267,26083.0,1.37,1.19
1268,26085.0,2.61,2.61
1269,26087.0,1.0,1.01
1270,26089.0,1.0,3.43
1271,26091.0,3.43,1.37
1272,26093.0,1.0,3.43
1273,26095.0,1.58,3.43
1274,26097.0,1.19,2.61
1275,26099.0,2.61,3.43
1276,26101.0,2.15,1.37
1277,26103.0,1.19,0.78
1278,26105.0,3.43,1.58
1279,26107.0,2.15,2.61
1280,26109.0,1.19,1.37
1281,26111.0,1.58,2.15
1282,26113.0,3.43,1.58
1283,26115.0,3.43,1.58
1284,26117.0,2.61,1.01
1285,26119.0,1.0,2.15
1286,26121.0,1.82,2.61
1287,26123.0,3.43,2.15
1288,26125.0,2.15,2.15
1289,26127.0,2.61,1.37
1290,26129.0,2.61,1.82
1291,26131.0,1.01,1.37
1292,26133.0,1.82,2.15
1293,26135.0,3.43,1.58
1294,26137.0,3.43,2.15
1295,26139.0,2.15,1.37
1296,26141.0,3.43,1.82
1297,26143.0,3.43,1.82
1298,26145.0,1.58,1.58
1299,26147.0,3.43,1.82
1300,26149.0,1.82,2.15
1301,26151.0,1.0,1.01
1302,26153.0,1.58,2.61
1303,26155.0,1.0,1.19
1304,26157.0,1.0,3.43
1305,26159.0,3.43,1.58
1306,26161.0,1.58,3.43
1307,26163.0,1.37,3.43
1308,26165.0,1.37,2.15
1309,27001.0,2.61,1.01
1310,27003.0,1.0,1.01
1311,27005.0,2.61,1.01
1312,27007.0,2.15,2.61
1313,27009.0,1.82,2.61
1314,27011.0,1.01,2.15
1315,27013.0,1.82,1.37
1316,27015.0,1.19,1.58
1317,27017.0,2.61,1.01
1318,27019.0,1.0,1.19
1319,27021.0,1.0,1.19
1320,27023.0,1.37,2.15
1321,27025.0,1.0,3.43
1322,27027.0,3.43,3.43
1323,27029.0,3.43,1.37
1324,27031.0,1.0,3.43
1325,27033.0,1.01,2.15
1326,27035.0,3.43,2.61
1327,27037.0,2.61,1.37
1328,27039.0,1.0,1.19
1329,27041.0,2.15,2.15
1330,27043.0,0.78,2.15
1331,27045.0,2.15,3.43
1332,27047.0,2.15,1.58
1333,27049.0,2.61,1.82
1334,27051.0,1.82,2.15
1335,27053.0,1.19,1.58
1336,27055.0,2.61,1.82
1337,27057.0,3.43,2.61
1338,27059.0,1.0,1.01
1339,27061.0,2.61,2.15
1340,27063.0,1.82,3.43
1341,27065.0,1.0,3.43
1342,27067.0,1.37,2.15
1343,27069.0,1.01,2.61
1344,27071.0,1.58,3.43
1345,27073.0,1.58,1.01
1346,27075.0,2.61,1.19
1347,27077.0,2.15,1.58
1348,27079.0,3.43,0.78
1349,27081.0,1.37,1.82
1350,27083.0,0.78,1.82
1351,27085.0,1.82,3.43
1352,27087.0,1.01,2.61
1353,27089.0,3.43,0.78
1354,27091.0,1.58,1.58
1355,27093.0,3.43,0.78
1356,27095.0,2.61,2.15
1357,27097.0,1.0,2.61
1358,27099.0,1.82,2.15
1359,27101.0,1.82,3.43
1360,27103.0,2.15,2.61
1361,27105.0,1.01,1.37
1362,27107.0,1.82,1.19
1363,27109.0,1.58,1.82
1364,27111.0,2.61,1.01
1365,27113.0,0.78,1.58
1366,27115.0,1.0,1.01
1367,27117.0,1.37,2.61
1368,27119.0,1.82,0.78
1369,27121.0,3.43,3.43
1370,27123.0,1.19,2.61
1371,27125.0,1.58,2.15
1372,27127.0,1.19,3.43
1373,27129.0,1.37,1.01
1374,27131.0,2.61,1.37
1375,27133.0,1.58,1.01
1376,27135.0,1.19,1.82
1377,27137.0,1.58,2.15
1378,27139.0,1.0,0.78
1379,27141.0,1.0,1.01
1380,27143.0,1.0,1.37
1381,27145.0,1.37,3.43
1382,27147.0,1.58,1.0
1383,27149.0,0.78,1.0
1384,27151.0,1.58,1.01
1385,27153.0,3.43,1.19
1386,27155.0,3.43,0.78
1387,27157.0,3.43,1.01
1388,27159.0,1.19,1.82
1389,27161.0,2.61,2.61
1390,27163.0,1.0,2.61
1391,27165.0,1.58,1.01
1392,27167.0,2.61,2.61
1393,27169.0,1.19,3.43
1394,27171.0,1.0,1.19
1395,27173.0,1.19,2.15
1396,28001.0,1.19,1.01
1397,28003.0,1.19,3.43
1398,28005.0,3.43,1.01
1399,28007.0,1.82,2.15
1400,28009.0,3.43,1.01
1401,28011.0,1.01,3.43
1402,28013.0,1.82,1.19
1403,28015.0,3.43,3.43
1404,28017.0,1.01,1.19
1405,28019.0,1.58,2.15
1406,28021.0,0.78,1.0
1407,28023.0,3.43,1.37
1408,28025.0,1.37,1.19
1409,28027.0,1.19,0.78
1410,28029.0,1.37,1.0
1411,28031.0,2.15,1.37
1412,28033.0,1.0,0.78
1413,28035.0,1.37,2.61
1414,28037.0,2.61,1.58
1415,28039.0,2.15,3.43
1416,28041.0,3.43,1.19
1417,28043.0,1.58,3.43
1418,28045.0,1.37,2.61
1419,28047.0,1.58,1.0
1420,28049.0,1.19,1.82
1421,28051.0,1.58,2.15
1422,28053.0,0.78,1.58
1423,28055.0,1.58,0.78
1424,28057.0,2.61,2.15
1425,28059.0,1.82,1.37
1426,28061.0,2.15,1.01
1427,28063.0,2.15,2.15
1428,28065.0,1.01,1.37
1429,28067.0,1.37,1.37
1430,28069.0,1.58,1.0
1431,28071.0,1.37,2.61
1432,28073.0,3.43,1.19
1433,28075.0,1.19,1.37
1434,28077.0,1.58,1.82
1435,28079.0,2.61,2.61
1436,28081.0,1.01,1.01
1437,28083.0,0.78,2.15
1438,28085.0,1.58,1.82
1439,28087.0,1.19,1.01
1440,28089.0,2.61,1.01
1441,28091.0,2.15,1.58
1442,28093.0,2.61,1.37
1443,28095.0,1.82,1.82
1444,28097.0,1.58,1.58
1445,28099.0,1.01,1.58
1446,28101.0,1.82,1.37
1447,28103.0,1.37,1.82
1448,28105.0,1.19,0.78
1449,28107.0,1.58,2.15
1450,28109.0,1.0,1.58
1451,28111.0,1.82,1.01
1452,28113.0,1.37,1.37
1453,28115.0,1.37,1.0
1454,28117.0,1.37,2.15
1455,28119.0,1.82,1.58
1456,28121.0,2.61,1.58
1457,28123.0,1.58,1.19
1458,28125.0,1.82,2.15
1459,28127.0,1.58,2.15
1460,28129.0,3.43,0.78
1461,28131.0,1.58,1.58
1462,28133.0,1.19,2.15
1463,28135.0,1.58,3.43
1464,28137.0,2.61,1.0
1465,28139.0,1.58,1.37
1466,28141.0,1.82,1.58
1467,28143.0,0.78,3.43
1468,28145.0,1.58,1.37
1469,28147.0,3.43,1.37
1470,28149.0,1.19,0.78
1471,28151.0,1.01,1.19
1472,28153.0,2.15,3.43
1473,28155.0,1.0,1.37
1474,28157.0,1.82,1.01
1475,28159.0,1.37,2.15
1476,28161.0,1.58,1.0
1477,28163.0,1.58,1.82
1478,29001.0,1.01,1.58
1479,29003.0,1.0,2.15
1480,29005.0,1.37,1.19
1481,29007.0,1.82,1.37
1482,29009.0,1.37,1.0
1483,29011.0,2.61,1.01
1484,29013.0,1.0,2.61
1485,29015.0,1.0,1.58
1486,29017.0,1.0,2.61
1487,29019.0,1.37,3.43
1488,29021.0,1.01,3.43
1489,29023.0,1.19,1.0
1490,29025.0,3.43,1.19
1491,29027.0,1.58,1.01
1492,29029.0,3.43,1.37
1493,29031.0,1.58,1.0
1494,29033.0,1.82,2.15
1495,29035.0,2.61,3.43
1496,29037.0,1.0,1.19
1497,29039.0,2.61,1.0
1498,29041.0,3.43,3.43
1499,29043.0,1.0,3.43
1500,29045.0,1.37,2.15
1501,29047.0,2.15,1.82
1502,29049.0,1.0,1.0
1503,29051.0,1.01,1.37
1504,29053.0,1.19,1.82
1505,29055.0,1.82,3.43
1506,29057.0,1.0,1.01
1507,29059.0,1.0,3.43
1508,29061.0,1.0,1.58
1509,29063.0,2.61,1.0
1510,29065.0,2.61,1.0
1511,29067.0,3.43,3.43
1512,29069.0,1.19,2.61
1513,29071.0,2.61,1.58
1514,29073.0,1.82,1.0
1515,29075.0,1.19,1.58
1516,29077.0,1.37,2.15
1517,29079.0,1.01,2.61
1518,29081.0,0.78,1.37
1519,29083.0,2.15,1.01
1520,29085.0,1.0,1.37
1521,29087.0,1.82,0.78
1522,29089.0,3.43,1.58
1523,29091.0,2.15,2.61
1524,29093.0,1.37,1.01
1525,29095.0,1.19,2.15
1526,29097.0,1.37,1.82
1527,29099.0,1.0,1.19
1528,29101.0,2.61,1.01
1529,29103.0,1.58,1.19
1530,29105.0,1.82,1.0
1531,29107.0,2.61,2.61
1532,29109.0,3.43,2.61
1533,29111.0,1.58,1.82
1534,29113.0,1.0,3.43
1535,29115.0,1.19,2.61
1536,29117.0,1.19,2.61
1537,29119.0,2.15,1.0
1538,29121.0,1.01,0.78
1539,29123.0,2.61,0.78
1540,29125.0,1.0,1.01
1541,29127.0,1.01,1.37
1542,29129.0,1.82,2.61
1543,29131.0,3.43,1.0
1544,29133.0,1.58,1.19
1545,29135.0,3.43,1.37
1546,29137.0,2.61,2.15
1547,29139.0,2.61,1.82
1548,29141.0,1.0,1.0
1549,29143.0,0.78,2.61
1550,29145.0,1.82,1.82
1551,29147.0,1.01,1.0
1552,29149.0,3.43,1.01
1553,29151.0,2.61,1.82
1554,29153.0,1.0,1.37
1555,29155.0,1.58,1.0
1556,29157.0,1.82,2.15
1557,29159.0,1.19,3.43
1558,29161.0,1.37,1.37
1559,29163.0,1.58,1.37
1560,29165.0,2.15,1.19
1561,29167.0,3.43,1.19
1562,29169.0,2.61,1.19
1563,29171.0,2.15,1.82
1564,29173.0,1.37,1.82
1565,29175.0,1.58,3.43
1566,29177.0,1.0,3.43
1567,29179.0,3.43,1.82
1568,29181.0,1.0,1.37
1569,29183.0,3.43,1.0
1570,29185.0,1.82,3.43
1571,29186.0,1.37,3.43
1572,29187.0,2.15,2.61
1573,29189.0,1.37,3.43
1574,29195.0,2.61,1.37
1575,29197.0,1.01,2.15
1576,29199.0,3.43,1.01
1577,29201.0,1.82,1.58
1578,29203.0,1.0,1.0
1579,29205.0,1.82,3.43
1580,29207.0,1.82,1.82
1581,29209.0,1.0,1.0
1582,29211.0,0.78,1.82
1583,29213.0,1.82,1.58
1584,29215.0,2.15,1.0
1585,29217.0,2.15,1.58
1586,29219.0,1.0,1.37
1587,29221.0,3.43,2.61
1588,29223.0,1.82,1.82
1589,29225.0,1.0,1.0
1590,29227.0,1.37,2.61
1591,29229.0,3.43,1.0
1592,29510.0,0.78,3.43
1593,30001.0,2.61,1.0
1594,30003.0,1.37,3.43
1595,30005.0,1.82,0.78
1596,30007.0,3.43,2.61
1597,30009.0,1.0,1.82
1598,30011.0,1.01,1.58
1599,30013.0,2.15,1.0
1600,30015.0,3.43,1.0
1601,30017.0,1.19,1.58
1602,30019.0,1.19,1.82
1603,30021.0,1.01,2.15
1604,30023.0,2.15,1.37
1605,30025.0,0.78,1.37
1606,30027.0,1.0,1.19
1607,30029.0,3.43,1.37
1608,30031.0,3.43,1.37
1609,30033.0,1.37,2.61
1610,30035.0,1.37,2.61
1611,30037.0,1.37,1.82
1612,30039.0,2.15,3.43
1613,30041.0,1.37,1.01
1614,30043.0,1.0,0.78
1615,30045.0,1.58,2.61
1616,30047.0,1.0,1.01
1617,30049.0,1.37,1.0
1618,30051.0,0.78,1.0
1619,30053.0,3.43,3.43
1620,30055.0,0.78,1.58
1621,30057.0,2.15,1.01
1622,30059.0,2.15,2.15
1623,30061.0,1.0,2.15
1624,30063.0,2.15,1.37
1625,30065.0,1.0,1.82
1626,30067.0,3.43,1.82
1627,30069.0,1.58,1.82
1628,30071.0,1.01,1.58
1629,30073.0,1.19,2.15
1630,30075.0,2.61,0.78
1631,30077.0,1.58,1.82
1632,30079.0,1.0,2.15
1633,30081.0,1.0,1.37
1634,30083.0,0.78,1.37
1635,30085.0,1.19,2.15
1636,30087.0,0.78,3.43
1637,30089.0,3.43,1.37
1638,30091.0,1.01,1.01
1639,30093.0,1.19,0.78
1640,30095.0,2.15,1.0
1641,30097.0,0.78,1.82
1642,30099.0,2.15,1.37
1643,30101.0,1.82,1.58
1644,30103.0,2.61,1.19
1645,30105.0,1.82,3.43
1646,30107.0,1.01,2.61
1647,30109.0,0.78,1.01
1648,30111.0,1.58,1.82
1649,31001.0,1.01,1.37
1650,31003.0,0.78,1.0
1651,31005.0,0.78,1.58
1652,31007.0,2.61,0.78
1653,31009.0,1.0,1.19
1654,31011.0,1.37,1.0
1655,31013.0,1.82,1.0
1656,31015.0,1.01,1.0
1657,31017.0,1.19,1.19
1658,31019.0,1.37,1.37
1659,31021.0,3.43,3.43
1660,31023.0,1.37,0.78
1661,31025.0,1.0,1.19
1662,31027.0,1.58,3.43
1663,31029.0,3.43,2.61
1664,31031.0,3.43,1.0
1665,31033.0,1.01,1.37
1666,31035.0,1.01,2.15
1667,31037.0,1.01,1.37
1668,31039.0,2.61,1.37
1669,31041.0,1.01,1.37
1670,31043.0,1.37,0.78
1671,31045.0,2.61,1.01
1672,31047.0,1.01,1.82
1673,31049.0,1.82,0.78
1674,31051.0,3.43,1.37
1675,31053.0,1.58,1.37
1676,31055.0,1.19,1.37
1677,31057.0,3.43,1.58
1678,31059.0,1.19,1.01
1679,31061.0,2.15,1.01
1680,31063.0,0.78,2.61
1681,31065.0,1.58,1.01
1682,31067.0,1.37,3.43
1683,31069.0,0.78,0.78
1684,31071.0,0.78,1.19
1685,31073.0,1.0,1.82
1686,31075.0,1.0,0.78
1687,31077.0,0.78,0.78
1688,31079.0,1.01,1.19
1689,31081.0,2.61,2.61
1690,31083.0,2.61,0.78
1691,31085.0,1.0,0.78
1692,31087.0,0.78,3.43
1693,31089.0,1.58,3.43
1694,31091.0,2.15,2.61
1695,31093.0,1.0,1.01
1696,31095.0,1.37,1.37
1697,31097.0,1.37,0.78
1698,31099.0,2.15,1.0
1699,31101.0,2.15,0.78
1700,31103.0,1.82,1.19
1701,31105.0,1.58,1.82
1702,31107.0,3.43,2.15
1703,31109.0,1.37,1.0
1704,31111.0,2.15,2.15
1705,31113.0,0.78,1.58
1706,31115.0,1.19,1.37
1707,31117.0,1.01,1.19
1708,31119.0,1.19,1.0
1709,31121.0,2.61,2.15
1710,31123.0,2.61,0.78
1711,31125.0,1.19,1.01
1712,31127.0,0.78,2.15
1713,31129.0,2.61,1.82
1714,31131.0,2.15,1.82
1715,31133.0,1.19,0.78
1716,31135.0,1.82,2.15
1717,31137.0,1.19,2.15
1718,31139.0,1.58,1.19
1719,31141.0,1.01,3.43
1720,31143.0,1.82,1.19
1721,31145.0,2.61,1.37
1722,31147.0,0.78,1.19
1723,31149.0,0.78,2.15
1724,31151.0,1.01,2.61
1725,31153.0,2.61,1.01
1726,31155.0,3.43,2.15
1727,31157.0,1.01,1.01
1728,31159.0,1.82,2.61
1729,31161.0,2.15,3.43
1730,31163.0,1.0,1.19
1731,31165.0,0.78,1.82
1732,31167.0,1.01,1.58
1733,31169.0,0.78,1.82
1734,31171.0,1.19,3.43
1735,31173.0,0.78,1.37
1736,31175.0,0.78,0.78
1737,31177.0,2.15,2.61
1738,31179.0,1.0,0.78
1739,31181.0,1.0,0.78
1740,31183.0,0.78,2.15
1741,31185.0,0.78,1.01
1742,32001.0,3.43,2.61
1743,32003.0,3.43,0.78
1744,32005.0,1.0,1.01
1745,32007.0,1.82,1.82
1746,32009.0,1.82,1.82
1747,32011.0,0.78,3.43
1748,32013.0,1.82,1.58
1749,32015.0,1.19,1.82
1750,32017.0,1.58,0.78
1751,32019.0,1.0,1.37
1752,32021.0,0.78,1.01
1753,32023.0,2.61,3.43
1754,32027.0,1.82,1.0
1755,32029.0,3.43,0.78
1756,32031.0,3.43,2.61
1757,32033.0,0.78,0.78
1758,32510.0,2.15,0.78
1759,33001.0,3.43,2.15
1760,33003.0,2.61,0.78
1761,33005.0,2.15,1.37
1762,33007.0,1.58,2.61
1763,33009.0,1.19,2.61
1764,33011.0,1.82,1.82
1765,33013.0,2.15,1.37
1766,33015.0,3.43,1.01
1767,33017.0,2.61,1.37
1768,33019.0,2.61,1.58
1769,34001.0,1.82,2.15
1770,34003.0,2.15,2.15
1771,34005.0,2.61,2.15
1772,34007.0,2.15,1.58
1773,34009.0,1.0,1.82
1774,34011.0,1.58,1.82
1775,34013.0,1.58,1.58
1776,34015.0,3.43,3.43
1777,34017.0,1.19,1.37
1778,34019.0,1.0,1.37
1779,34021.0,1.19,2.61
1780,34023.0,1.58,1.01
1781,34025.0,3.43,2.61
1782,34027.0,1.82,0.78
1783,34029.0,1.0,1.19
1784,34031.0,2.61,2.61
1785,34033.0,2.15,1.37
1786,34035.0,1.82,1.0
1787,34037.0,1.0,2.15
1788,34039.0,1.82,1.37
1789,34041.0,3.43,1.19
1790,35001.0,1.82,1.0
1791,35003.0,1.0,1.58
1792,35005.0,1.37,3.43
1793,35006.0,1.37,1.37
1794,35007.0,2.61,1.19
1795,35009.0,1.82,1.82
1796,35011.0,1.82,0.78
1797,35013.0,1.82,2.15
1798,35015.0,1.01,1.82
1799,35017.0,1.58,3.43
1800,35019.0,3.43,2.15
1801,35021.0,0.78,1.01
1802,35023.0,1.19,1.19
1803,35025.0,0.78,1.82
1804,35027.0,1.0,1.0
1805,35028.0,1.01,1.19
1806,35029.0,1.37,1.01
1807,35031.0,1.37,2.61
1808,35033.0,2.15,0.78
1809,35035.0,3.43,1.37
1810,35037.0,2.61,1.01
1811,35039.0,3.43,3.43
1812,35041.0,2.15,2.15
1813,35043.0,1.0,1.58
1814,35045.0,1.37,2.61
1815,35047.0,1.82,2.15
1816,35049.0,3.43,1.0
1817,35051.0,2.61,1.58
1818,35053.0,1.37,1.82
1819,35055.0,1.82,2.61
1820,35057.0,3.43,1.37
1821,35059.0,1.01,1.58
1822,35061.0,1.0,1.58
1823,36001.0,1.01,3.43
1824,36003.0,1.58,1.37
1825,36005.0,2.15,3.43
1826,36007.0,1.19,0.78
1827,36009.0,1.19,1.01
1828,36011.0,1.58,1.19
1829,36013.0,1.19,1.01
1830,36015.0,1.19,1.01
1831,36017.0,1.58,1.37
1832,36019.0,1.37,1.01
1833,36021.0,2.61,1.01
1834,36023.0,1.19,1.01
1835,36025.0,1.82,1.19
1836,36027.0,2.61,2.15
1837,36029.0,1.19,1.01
1838,36031.0,1.58,1.58
1839,36033.0,1.37,2.15
1840,36035.0,1.37,1.01
1841,36037.0,1.37,1.58
1842,36039.0,2.61,1.01
1843,36041.0,2.15,1.82
1844,36043.0,2.15,1.37
1845,36045.0,1.37,2.15
1846,36047.0,3.43,1.58
1847,36049.0,2.15,1.58
1848,36051.0,2.61,1.58
1849,36053.0,2.61,2.15
1850,36055.0,1.19,1.58
1851,36057.0,1.58,1.82
1852,36059.0,3.43,1.58
1853,36061.0,0.78,1.01
1854,36063.0,1.82,1.19
1855,36065.0,1.19,2.15
1856,36067.0,1.01,0.78
1857,36069.0,1.82,1.82
1858,36071.0,3.43,1.01
1859,36073.0,2.15,1.01
1860,36075.0,1.82,1.37
1861,36077.0,1.37,2.15
1862,36079.0,1.0,1.58
1863,36081.0,3.43,1.58
1864,36083.0,2.15,1.37
1865,36085.0,1.0,3.43
1866,36087.0,3.43,1.82
1867,36089.0,1.37,1.37
1868,36091.0,3.43,3.43
1869,36093.0,1.58,2.61
1870,36095.0,1.82,1.19
1871,36097.0,2.15,2.15
1872,36099.0,1.58,1.58
1873,36101.0,1.01,1.82
1874,36103.0,3.43,2.15
1875,36105.0,2.15,1.37
1876,36107.0,1.82,1.01
1877,36109.0,1.37,2.15
1878,36111.0,3.43,1.19
1879,36113.0,1.58,1.82
1880,36115.0,2.15,1.01
1881,36117.0,2.15,2.15
1882,36119.0,2.15,1.19
1883,36121.0,1.19,2.15
1884,36123.0,1.82,1.82
1885,37001.0,2.15,1.82
1886,37003.0,3.43,1.19
1887,37005.0,2.15,2.15
1888,37007.0,2.15,1.82
1889,37009.0,2.61,3.43
1890,37011.0,2.15,1.58
1891,37013.0,1.82,3.43
1892,37015.0,1.58,1.0
1893,37017.0,1.37,1.82
1894,37019.0,1.0,1.58
1895,37021.0,2.15,1.58
1896,37023.0,1.82,0.78
1897,37025.0,3.43,1.0
1898,37027.0,2.15,1.82
1899,37029.0,1.0,1.82
1900,37031.0,3.43,2.61
1901,37033.0,1.0,1.58
1902,37035.0,1.58,1.0
1903,37037.0,1.0,3.43
1904,37039.0,2.61,1.0
1905,37041.0,2.15,1.19
1906,37043.0,1.0,1.0
1907,37045.0,1.82,2.15
1908,37047.0,1.58,1.82
1909,37049.0,1.82,3.43
1910,37051.0,2.61,1.58
1911,37053.0,1.0,1.19
1912,37055.0,1.0,1.82
1913,37057.0,3.43,2.15
1914,37059.0,1.0,1.0
1915,37061.0,1.19,3.43
1916,37063.0,0.78,2.15
1917,37065.0,1.37,2.61
1918,37067.0,1.58,1.37
1919,37069.0,1.0,0.78
1920,37071.0,2.61,1.37
1921,37073.0,1.0,1.19
1922,37075.0,2.61,1.0
1923,37077.0,2.15,2.61
1924,37079.0,3.43,1.0
1925,37081.0,1.58,1.82
1926,37083.0,2.61,2.15
1927,37085.0,3.43,1.82
1928,37087.0,3.43,1.19
1929,37089.0,2.61,1.82
1930,37091.0,1.58,1.0
1931,37093.0,1.0,2.61
1932,37095.0,2.61,2.15
1933,37097.0,3.43,1.01
1934,37099.0,2.61,1.0
1935,37101.0,3.43,1.37
1936,37103.0,3.43,1.82
1937,37105.0,1.37,1.82
1938,37107.0,1.58,1.0
1939,37109.0,1.0,1.0
1940,37111.0,2.15,1.82
1941,37113.0,1.0,1.01
1942,37115.0,1.0,3.43
1943,37117.0,1.19,1.82
1944,37119.0,1.37,2.15
1945,37121.0,2.61,1.0
1946,37123.0,1.58,1.58
1947,37125.0,3.43,1.01
1948,37127.0,1.58,2.61
1949,37129.0,2.15,1.37
1950,37131.0,2.61,2.61
1951,37133.0,1.0,1.58
1952,37135.0,2.15,1.58
1953,37137.0,3.43,1.58
1954,37139.0,2.15,3.43
1955,37141.0,1.0,1.37
1956,37143.0,1.0,3.43
1957,37145.0,3.43,1.82
1958,37147.0,1.82,1.0
1959,37149.0,3.43,1.0
1960,37151.0,2.15,2.61
1961,37153.0,1.58,1.37
1962,37155.0,1.37,3.43
1963,37157.0,2.61,2.15
1964,37159.0,1.82,1.82
1965,37161.0,2.61,1.19
1966,37163.0,1.58,2.15
1967,37165.0,2.15,1.82
1968,37167.0,2.15,2.15
1969,37169.0,1.0,1.82
1970,37171.0,1.82,1.37
1971,37173.0,1.01,2.61
1972,37175.0,1.0,1.0
1973,37177.0,2.61,1.58
1974,37179.0,1.0,0.78
1975,37181.0,1.37,2.61
1976,37183.0,2.15,2.15
1977,37185.0,1.0,1.0
1978,37187.0,3.43,1.37
1979,37189.0,2.61,1.58
1980,37191.0,1.58,1.0
1981,37193.0,2.61,2.15
1982,37195.0,1.58,1.37
1983,37197.0,3.43,1.82
1984,37199.0,1.82,2.15
1985,38001.0,1.19,1.19
1986,38003.0,1.01,2.61
1987,38005.0,1.0,2.15
1988,38007.0,0.78,2.61
1989,38009.0,1.37,1.58
1990,38011.0,1.19,2.15
1991,38013.0,1.19,0.78
1992,38015.0,1.19,1.82
1993,38017.0,1.01,1.37
1994,38019.0,1.58,1.37
1995,38021.0,3.43,1.58
1996,38023.0,1.0,1.19
1997,38025.0,1.37,1.01
1998,38027.0,0.78,1.58
1999,38029.0,1.37,1.37
2000,38031.0,1.01,1.01
2001,38033.0,0.78,1.19
2002,38035.0,1.37,0.78
2003,38037.0,1.0,1.82
2004,38039.0,1.19,0.78
2005,38041.0,1.19,1.19
2006,38043.0,1.82,3.43
2007,38045.0,1.01,3.43
2008,38047.0,1.01,1.19
2009,38049.0,1.01,1.82
2010,38051.0,1.82,2.61
2011,38053.0,0.78,1.82
2012,38055.0,1.37,1.82
2013,38057.0,0.78,0.78
2014,38059.0,1.82,0.78
2015,38061.0,3.43,1.58
2016,38063.0,1.19,1.01
2017,38065.0,1.82,2.15
2018,38067.0,0.78,1.01
2019,38069.0,1.01,2.15
2020,38071.0,1.01,1.19
2021,38073.0,2.15,0.78
2022,38075.0,3.43,1.01
2023,38077.0,1.01,1.19
2024,38079.0,0.78,2.61
2025,38081.0,0.78,1.0
2026,38083.0,0.78,1.01
2027,38085.0,0.78,0.78
2028,38087.0,0.78,1.01
2029,38089.0,0.78,1.37
2030,38091.0,1.58,0.78
2031,38093.0,1.01,1.82
2032,38095.0,1.58,1.01
2033,38097.0,1.01,2.61
2034,38099.0,0.78,1.19
2035,38101.0,1.37,1.37
2036,38103.0,0.78,1.58
2037,38105.0,1.01,1.01
2038,39001.0,3.43,1.58
2039,39003.0,1.19,0.78
2040,39005.0,2.61,1.01
2041,39007.0,2.15,1.82
2042,39009.0,2.15,1.01
2043,39011.0,1.37,1.37
2044,39013.0,1.58,1.37
2045,39015.0,1.0,1.37
2046,39017.0,2.15,1.19
2047,39019.0,1.0,1.82
2048,39021.0,3.43,1.0
2049,39023.0,2.15,1.58
2050,39025.0,3.43,3.43
2051,39027.0,1.19,2.61
2052,39029.0,2.61,1.58
2053,39031.0,1.82,2.61
2054,39033.0,1.82,1.19
2055,39035.0,1.19,2.15
2056,39037.0,2.15,1.82
2057,39039.0,1.37,1.58
2058,39041.0,1.0,0.78
2059,39043.0,1.82,1.82
2060,39045.0,1.0,1.19
2061,39047.0,1.58,2.61
2062,39049.0,1.19,1.37
2063,39051.0,1.82,3.43
2064,39053.0,1.19,1.19
2065,39055.0,3.43,1.01
2066,39057.0,1.82,1.37
2067,39059.0,2.15,1.19
2068,39061.0,1.19,2.61
2069,39063.0,1.19,1.37
2070,39065.0,3.43,1.58
2071,39067.0,2.15,0.78
2072,39069.0,1.37,1.01
2073,39071.0,2.61,2.15
2074,39073.0,3.43,2.15
2075,39075.0,1.01,1.58
2076,39077.0,1.82,3.43
2077,39079.0,2.15,2.61
2078,39081.0,1.37,1.01
2079,39083.0,3.43,1.58
2080,39085.0,2.15,1.82
2081,39087.0,1.0,1.58
2082,39089.0,3.43,2.15
2083,39091.0,1.58,1.82
2084,39093.0,2.61,2.61
2085,39095.0,1.58,1.82
2086,39097.0,2.61,2.15
2087,39099.0,1.58,2.61
2088,39101.0,1.82,1.01
2089,39103.0,1.0,2.15
2090,39105.0,1.0,1.19
2091,39107.0,1.82,1.37
2092,39109.0,2.61,2.61
2093,39111.0,1.82,1.0
2094,39113.0,1.37,1.58
2095,39115.0,1.0,2.15
2096,39117.0,1.0,2.61
2097,39119.0,2.15,1.19
2098,39121.0,2.61,2.61
2099,39123.0,3.43,1.0
2100,39125.0,2.61,1.58
2101,39127.0,1.0,2.15
2102,39129.0,3.43,2.15
2103,39131.0,1.82,1.82
2104,39133.0,2.61,1.0
2105,39135.0,3.43,2.61
2106,39137.0,2.15,1.19
2107,39139.0,1.58,1.82
2108,39141.0,1.82,2.15
2109,39143.0,1.82,1.58
2110,39145.0,1.37,1.37
2111,39147.0,1.58,1.58
2112,39149.0,1.01,1.37
2113,39151.0,2.15,1.19
2114,39153.0,1.82,1.19
2115,39155.0,1.82,1.01
2116,39157.0,1.82,1.58
2117,39159.0,1.19,1.19
2118,39161.0,1.58,1.82
2119,39163.0,2.61,1.37
2120,39165.0,3.43,1.19
2121,39167.0,1.58,1.58
2122,39169.0,1.82,1.37
2123,39171.0,1.58,2.15
2124,39173.0,1.58,1.37
2125,39175.0,1.58,1.01
2126,40001.0,3.43,1.19
2127,40003.0,2.61,1.19
2128,40005.0,1.58,1.01
2129,40007.0,1.82,2.15
2130,40009.0,0.78,2.61
2131,40011.0,0.78,2.15
2132,40013.0,1.19,0.78
2133,40015.0,1.58,0.78
2134,40017.0,3.43,1.19
2135,40019.0,1.01,1.01
2136,40021.0,1.58,1.58
2137,40023.0,1.58,1.0
2138,40025.0,0.78,1.19
2139,40027.0,3.43,1.58
2140,40029.0,3.43,1.58
2141,40031.0,1.58,0.78
2142,40033.0,1.37,2.61
2143,40035.0,1.37,1.0
2144,40037.0,2.15,1.82
2145,40039.0,1.01,1.19
2146,40041.0,3.43,2.15
2147,40043.0,1.82,2.61
2148,40045.0,2.15,1.19
2149,40047.0,1.37,2.61
2150,40049.0,1.37,1.58
2151,40051.0,2.61,1.58
2152,40053.0,1.0,1.37
2153,40055.0,1.01,1.01
2154,40057.0,0.78,3.43
2155,40059.0,1.01,1.0
2156,40061.0,1.58,3.43
2157,40063.0,2.61,1.19
2158,40065.0,1.37,0.78
2159,40067.0,1.19,2.15
2160,40069.0,1.37,2.61
2161,40071.0,1.19,1.37
2162,40073.0,1.37,2.15
2163,40075.0,3.43,1.01
2164,40077.0,0.78,0.78
2165,40079.0,1.37,1.37
2166,40081.0,2.15,2.61
2167,40083.0,1.0,2.15
2168,40085.0,1.58,1.58
2169,40087.0,3.43,2.15
2170,40089.0,1.19,1.0
2171,40091.0,3.43,0.78
2172,40093.0,3.43,3.43
2173,40095.0,1.82,1.01
2174,40097.0,1.82,2.61
2175,40099.0,1.58,2.61
2176,40101.0,1.37,2.15
2177,40103.0,1.19,1.37
2178,40105.0,2.61,2.15
2179,40107.0,2.15,1.01
2180,40109.0,1.01,1.01
2181,40111.0,2.61,1.37
2182,40113.0,1.0,2.61
2183,40115.0,1.82,1.01
2184,40117.0,2.61,2.15
2185,40119.0,1.19,1.0
2186,40121.0,1.19,1.37
2187,40123.0,1.01,2.15
2188,40125.0,1.82,1.19
2189,40127.0,1.82,1.82
2190,40129.0,0.78,0.78
2191,40131.0,2.61,1.82
2192,40133.0,1.37,1.82
2193,40135.0,2.61,0.78
2194,40137.0,1.37,3.43
2195,40139.0,1.01,1.58
2196,40141.0,1.01,2.15
2197,40143.0,1.19,1.37
2198,40145.0,1.0,0.78
2199,40147.0,1.58,1.01
2200,40149.0,2.61,1.01
2201,40151.0,1.19,1.0
2202,40153.0,0.78,1.37
2203,41001.0,1.58,1.19
2204,41003.0,1.82,1.01
2205,41005.0,1.0,1.37
2206,41007.0,3.43,1.58
2207,41009.0,1.0,1.82
2208,41011.0,2.61,3.43
2209,41013.0,2.61,2.15
2210,41015.0,3.43,1.0
2211,41017.0,1.0,2.15
2212,41019.0,2.61,2.61
2213,41021.0,1.82,3.43
2214,41023.0,3.43,2.61
2215,41025.0,1.58,1.82
2216,41027.0,3.43,1.58
2217,41029.0,3.43,2.15
2218,41031.0,3.43,2.15
2219,41033.0,1.0,2.61
2220,41035.0,2.15,2.61
2221,41037.0,1.82,2.15
2222,41039.0,2.61,2.61
2223,41041.0,3.43,2.15
2224,41043.0,1.82,2.15
2225,41045.0,1.19,2.15
2226,41047.0,2.15,2.61
2227,41049.0,1.01,2.15
2228,41051.0,1.82,1.19
2229,41053.0,1.0,1.58
2230,41055.0,2.61,1.19
2231,41057.0,1.0,1.19
2232,41059.0,1.37,1.0
2233,41061.0,1.82,0.78
2234,41063.0,2.15,2.61
2235,41065.0,1.58,1.37
2236,41067.0,2.15,2.15
2237,41069.0,1.37,1.19
2238,41071.0,1.0,1.82
2239,42001.0,3.43,1.37
2240,42003.0,1.01,1.0
2241,42005.0,1.37,3.43
2242,42007.0,2.15,2.61
2243,42009.0,1.82,1.01
2244,42011.0,1.82,1.82
2245,42013.0,1.19,1.82
2246,42015.0,1.37,1.58
2247,42017.0,3.43,1.37
2248,42019.0,2.15,1.01
2249,42021.0,1.19,1.37
2250,42023.0,0.78,2.61
2251,42025.0,3.43,1.82
2252,42027.0,1.37,1.37
2253,42029.0,2.15,1.19
2254,42031.0,1.01,3.43
2255,42033.0,1.19,1.37
2256,42035.0,1.58,1.58
2257,42037.0,1.37,1.37
2258,42039.0,1.58,1.19
2259,42041.0,1.58,1.37
2260,42043.0,1.01,1.58
2261,42045.0,2.61,1.19
2262,42047.0,1.01,1.37
2263,42049.0,1.19,0.78
2264,42051.0,1.58,1.82
2265,42053.0,1.01,1.01
2266,42055.0,1.58,1.19
2267,42057.0,1.37,1.58
2268,42059.0,1.01,1.01
2269,42061.0,2.15,1.58
2270,42063.0,1.58,1.82
2271,42065.0,1.19,1.37
2272,42067.0,1.82,2.15
2273,42069.0,1.37,1.19
2274,42071.0,1.58,1.58
2275,42073.0,2.15,1.82
2276,42075.0,2.15,1.37
2277,42077.0,1.58,1.37
2278,42079.0,1.37,1.82
2279,42081.0,1.37,1.82
2280,42083.0,1.01,1.19
2281,42085.0,1.58,1.01
2282,42087.0,1.01,1.37
2283,42089.0,3.43,1.19
2284,42091.0,1.37,1.19
2285,42093.0,0.78,1.37
2286,42095.0,2.61,2.61
2287,42097.0,1.58,1.19
2288,42099.0,1.0,0.78
2289,42101.0,1.01,1.82
2290,42103.0,1.0,1.58
2291,42105.0,2.15,1.0
2292,42107.0,1.58,1.01
2293,42109.0,1.37,1.0
2294,42111.0,1.58,1.37
2295,42113.0,1.58,1.37
2296,42115.0,1.0,1.58
2297,42117.0,1.82,1.58
2298,42119.0,1.37,3.43
2299,42121.0,1.37,2.15
2300,42123.0,1.01,1.58
2301,42125.0,2.15,1.58
2302,42127.0,3.43,1.37
2303,42129.0,1.58,1.01
2304,42131.0,2.15,1.37
2305,42133.0,1.82,2.15
2306,44001.0,1.0,1.58
2307,44003.0,2.61,1.58
2308,44005.0,2.15,1.82
2309,44007.0,1.82,1.0
2310,44009.0,3.43,2.15
2311,45001.0,2.15,1.82
2312,45003.0,1.82,1.37
2313,45005.0,0.78,2.15
2314,45007.0,2.61,2.61
2315,45009.0,1.19,1.82
2316,45011.0,1.82,1.01
2317,45013.0,1.0,1.82
2318,45015.0,1.0,1.37
2319,45017.0,1.58,1.82
2320,45019.0,2.61,3.43
2321,45021.0,1.58,3.43
2322,45023.0,1.58,1.58
2323,45025.0,1.82,1.58
2324,45027.0,2.15,1.82
2325,45029.0,2.61,1.82
2326,45031.0,1.58,1.37
2327,45033.0,1.82,2.61
2328,45035.0,1.0,2.15
2329,45037.0,1.0,1.37
2330,45039.0,1.58,2.15
2331,45041.0,1.37,1.0
2332,45043.0,2.61,1.0
2333,45045.0,1.58,1.58
2334,45047.0,1.58,1.19
2335,45049.0,1.58,2.15
2336,45051.0,3.43,1.37
2337,45053.0,1.01,1.37
2338,45055.0,3.43,1.01
2339,45057.0,3.43,2.61
2340,45059.0,2.61,3.43
2341,45061.0,1.58,1.0
2342,45063.0,2.61,3.43
2343,45065.0,3.43,1.37
2344,45067.0,2.15,1.19
2345,45069.0,1.01,1.82
2346,45071.0,1.82,3.43
2347,45073.0,2.15,1.82
2348,45075.0,1.58,1.01
2349,45077.0,2.15,1.82
2350,45079.0,1.37,2.61
2351,45081.0,2.61,1.58
2352,45083.0,1.58,2.15
2353,45085.0,2.15,1.37
2354,45087.0,1.82,1.58
2355,45089.0,1.19,1.37
2356,45091.0,3.43,1.82
2357,46003.0,3.43,1.37
2358,46005.0,1.01,1.19
2359,46007.0,1.58,2.61
2360,46009.0,2.15,2.15
2361,46011.0,1.01,1.37
2362,46013.0,1.58,1.58
2363,46015.0,2.15,1.37
2364,46017.0,1.0,1.01
2365,46019.0,1.82,1.19
2366,46021.0,1.82,0.78
2367,46023.0,0.78,1.58
2368,46025.0,1.58,3.43
2369,46027.0,1.01,1.0
2370,46029.0,1.19,0.78
2371,46031.0,1.01,2.15
2372,46033.0,2.61,1.82
2373,46035.0,1.19,1.37
2374,46037.0,1.19,2.15
2375,46039.0,1.01,2.15
2376,46041.0,0.78,1.01
2377,46043.0,0.78,1.37
2378,46045.0,1.0,1.01
2379,46047.0,2.61,0.78
2380,46049.0,1.58,2.15
2381,46051.0,1.37,2.15
2382,46053.0,0.78,2.15
2383,46055.0,1.01,1.58
2384,46057.0,1.58,1.01
2385,46059.0,1.82,0.78
2386,46061.0,1.0,0.78
2387,46063.0,1.0,0.78
2388,46065.0,1.37,2.15
2389,46067.0,1.37,1.0
2390,46069.0,0.78,1.0
2391,46071.0,1.19,0.78
2392,46073.0,2.61,1.82
2393,46075.0,0.78,0.78
2394,46077.0,1.0,1.01
2395,46079.0,2.15,0.78
2396,46081.0,1.58,1.19
2397,46083.0,3.43,2.15
2398,46085.0,3.43,1.58
2399,46087.0,3.43,1.58
2400,46089.0,1.19,1.82
2401,46091.0,1.58,1.01
2402,46093.0,1.0,2.15
2403,46095.0,0.78,1.0
2404,46097.0,2.61,0.78
2405,46099.0,1.37,3.43
2406,46101.0,1.58,0.78
2407,46103.0,1.82,1.37
2408,46105.0,3.43,1.19
2409,46107.0,1.19,2.61
2410,46109.0,1.58,0.78
2411,46111.0,1.19,1.58
2412,46113.0,0.78,3.43
2413,46115.0,3.43,3.43
2414,46117.0,3.43,1.37
2415,46119.0,1.0,3.43
2416,46121.0,0.78,0.78
2417,46123.0,1.58,2.15
2418,46125.0,1.0,1.37
2419,46127.0,1.19,0.78
2420,46129.0,1.19,1.01
2421,46135.0,1.58,2.61
2422,46137.0,0.78,1.01
2423,47001.0,1.19,0.78
2424,47003.0,1.58,1.19
2425,47005.0,2.61,1.01
2426,47007.0,1.0,0.78
2427,47009.0,1.58,2.15
2428,47011.0,2.15,1.82
2429,47013.0,2.61,1.0
2430,47015.0,1.0,1.58
2431,47017.0,2.61,1.58
2432,47019.0,1.0,2.15
2433,47021.0,1.0,1.0
2434,47023.0,1.0,2.61
2435,47025.0,2.15,2.61
2436,47027.0,2.61,1.0
2437,47029.0,2.61,2.61
2438,47031.0,1.58,2.15
2439,47033.0,2.61,2.61
2440,47035.0,2.61,1.82
2441,47037.0,1.19,1.37
2442,47039.0,1.37,1.82
2443,47041.0,1.82,2.15
2444,47043.0,1.0,1.01
2445,47045.0,1.19,1.01
2446,47047.0,1.0,2.61
2447,47049.0,2.61,3.43
2448,47051.0,3.43,1.37
2449,47053.0,2.15,1.0
2450,47055.0,2.61,2.15
2451,47057.0,3.43,2.61
2452,47059.0,1.58,1.82
2453,47061.0,3.43,1.82
2454,47063.0,1.58,2.61
2455,47065.0,1.37,1.37
2456,47067.0,3.43,2.61
2457,47069.0,1.37,1.58
2458,47071.0,2.61,1.19
2459,47073.0,3.43,2.61
2460,47075.0,1.82,1.37
2461,47077.0,2.15,1.19
2462,47079.0,3.43,2.61
2463,47081.0,1.0,1.19
2464,47083.0,3.43,1.58
2465,47085.0,1.58,1.58
2466,47087.0,1.0,3.43
2467,47089.0,3.43,3.43
2468,47091.0,2.15,2.61
2469,47093.0,1.82,1.0
2470,47095.0,2.15,2.61
2471,47097.0,1.58,2.15
2472,47099.0,2.61,1.37
2473,47101.0,3.43,1.01
2474,47103.0,3.43,1.82
2475,47105.0,2.61,2.15
2476,47107.0,1.82,1.01
2477,47109.0,1.82,2.61
2478,47111.0,1.0,2.61
2479,47113.0,1.19,1.82
2480,47115.0,3.43,3.43
2481,47117.0,2.15,3.43
2482,47119.0,1.82,1.01
2483,47121.0,1.0,2.61
2484,47123.0,3.43,2.61
2485,47125.0,3.43,2.15
2486,47127.0,3.43,1.58
2487,47129.0,1.0,2.15
2488,47131.0,1.58,1.0
2489,47133.0,3.43,2.15
2490,47135.0,3.43,3.43
2491,47137.0,2.61,1.37
2492,47139.0,3.43,2.61
2493,47141.0,1.37,2.61
2494,47143.0,1.82,1.19
2495,47145.0,1.19,1.0
2496,47147.0,1.0,1.37
2497,47149.0,2.15,1.19
2498,47151.0,2.61,1.19
2499,47153.0,1.0,3.43
2500,47155.0,3.43,2.15
2501,47157.0,1.19,3.43
2502,47159.0,2.61,3.43
2503,47161.0,3.43,1.82
2504,47163.0,1.58,1.01
2505,47165.0,1.0,1.0
2506,47167.0,1.0,3.43
2507,47169.0,3.43,1.19
2508,47171.0,2.15,3.43
2509,47173.0,1.0,1.0
2510,47175.0,1.0,2.15
2511,47177.0,2.15,1.58
2512,47179.0,1.82,1.0
2513,47181.0,2.61,3.43
2514,47183.0,2.15,2.15
2515,47185.0,1.82,1.37
2516,47187.0,3.43,2.15
2517,47189.0,3.43,1.19
2518,48001.0,1.01,2.61
2519,48003.0,1.19,1.82
2520,48005.0,1.19,2.61
2521,48007.0,1.0,1.01
2522,48009.0,1.82,1.37
2523,48011.0,3.43,1.01
2524,48013.0,2.61,2.15
2525,48015.0,1.58,3.43
2526,48017.0,1.19,0.78
2527,48019.0,1.0,2.15
2528,48021.0,1.0,1.19
2529,48023.0,1.37,0.78
2530,48025.0,1.19,1.0
2531,48027.0,2.15,3.43
2532,48029.0,1.37,1.01
2533,48031.0,1.82,1.82
2534,48033.0,2.15,2.15
2535,48035.0,2.15,1.37
2536,48037.0,1.01,1.82
2537,48039.0,2.15,0.78
2538,48041.0,1.19,2.15
2539,48043.0,1.37,1.19
2540,48045.0,0.78,2.15
2541,48047.0,1.01,1.01
2542,48049.0,1.01,1.19
2543,48051.0,1.37,1.37
2544,48053.0,2.61,0.78
2545,48055.0,3.43,1.37
2546,48057.0,0.78,2.61
2547,48059.0,3.43,2.61
2548,48061.0,1.37,2.61
2549,48063.0,1.58,0.78
2550,48065.0,0.78,1.82
2551,48067.0,1.37,1.19
2552,48069.0,1.01,1.82
2553,48071.0,2.61,2.61
2554,48073.0,1.58,1.82
2555,48075.0,0.78,0.78
2556,48077.0,3.43,1.82
2557,48079.0,0.78,2.61
2558,48081.0,3.43,0.78
2559,48083.0,1.01,3.43
2560,48085.0,2.15,0.78
2561,48087.0,0.78,1.58
2562,48089.0,1.37,1.19
2563,48091.0,3.43,1.58
2564,48093.0,2.61,1.82
2565,48095.0,1.58,1.82
2566,48097.0,1.19,3.43
2567,48099.0,2.61,1.19
2568,48101.0,0.78,0.78
2569,48103.0,0.78,1.58
2570,48105.0,0.78,2.61
2571,48107.0,1.37,0.78
2572,48109.0,1.01,2.61
2573,48111.0,1.01,0.78
2574,48113.0,0.78,1.19
2575,48115.0,1.01,0.78
2576,48117.0,0.78,0.78
2577,48119.0,1.01,0.78
2578,48121.0,1.0,0.78
2579,48123.0,1.58,0.78
2580,48125.0,1.01,2.61
2581,48127.0,0.78,3.43
2582,48129.0,1.82,1.37
2583,48131.0,1.01,1.01
2584,48133.0,1.19,0.78
2585,48135.0,0.78,1.19
2586,48137.0,1.82,1.19
2587,48139.0,3.43,1.19
2588,48141.0,1.58,1.19
2589,48143.0,1.37,1.58
2590,48145.0,1.19,3.43
2591,48147.0,2.15,1.58
2592,48149.0,1.01,1.37
2593,48151.0,2.61,2.15
2594,48153.0,1.37,2.15
2595,48155.0,1.19,1.58
2596,48157.0,3.43,2.15
2597,48159.0,2.61,1.19
2598,48161.0,1.37,0.78
2599,48163.0,1.19,3.43
2600,48165.0,1.01,1.37
2601,48167.0,2.61,2.15
2602,48169.0,1.01,0.78
2603,48171.0,2.15,1.19
2604,48173.0,2.61,2.61
2605,48175.0,2.61,0.78
2606,48177.0,1.37,1.82
2607,48179.0,1.01,1.19
2608,48181.0,1.58,3.43
2609,48183.0,1.01,1.19
2610,48185.0,1.82,0.78
2611,48187.0,3.43,1.82
2612,48189.0,1.01,1.01
2613,48191.0,1.82,2.15
2614,48193.0,1.37,1.0
2615,48195.0,0.78,1.19
2616,48197.0,1.82,1.37
2617,48199.0,2.61,2.61
2618,48201.0,1.01,0.78
2619,48203.0,1.19,0.78
2620,48205.0,2.15,3.43
2621,48207.0,0.78,1.01
2622,48209.0,3.43,1.37
2623,48211.0,0.78,0.78
2624,48213.0,2.61,0.78
2625,48215.0,1.58,3.43
2626,48217.0,2.61,1.37
2627,48219.0,1.19,3.43
2628,48221.0,3.43,1.58
2629,48223.0,1.58,2.61
2630,48225.0,1.19,1.01
2631,48227.0,1.01,1.0
2632,48229.0,0.78,1.58
2633,48231.0,1.37,0.78
2634,48233.0,1.01,1.01
2635,48235.0,0.78,2.15
2636,48237.0,1.19,2.15
2637,48239.0,1.58,1.01
2638,48241.0,1.37,0.78
2639,48243.0,1.37,2.15
2640,48245.0,1.01,1.58
2641,48247.0,0.78,2.15
2642,48249.0,0.78,1.01
2643,48251.0,2.61,1.01
2644,48253.0,2.15,0.78
2645,48255.0,1.01,1.37
2646,48257.0,3.43,2.61
2647,48259.0,1.0,3.43
2648,48261.0,0.78,0.78
2649,48263.0,2.61,1.0
2650,48265.0,1.82,3.43
2651,48267.0,0.78,0.78
2652,48269.0,0.78,1.37
2653,48271.0,2.15,1.82
2654,48273.0,1.37,0.78
2655,48275.0,0.78,1.58
2656,48277.0,1.37,1.82
2657,48279.0,2.61,2.15
2658,48281.0,1.0,1.37
2659,48283.0,1.01,0.78
2660,48285.0,2.15,1.0
2661,48287.0,1.58,0.78
2662,48289.0,1.01,2.15
2663,48291.0,1.82,1.37
2664,48293.0,1.19,1.19
2665,48295.0,1.19,3.43
2666,48297.0,1.37,1.01
2667,48299.0,3.43,0.78
2668,48303.0,1.37,1.01
2669,48305.0,1.37,2.15
2670,48307.0,2.61,1.19
2671,48309.0,1.01,1.01
2672,48311.0,1.19,1.0
2673,48313.0,1.58,1.01
2674,48315.0,3.43,0.78
2675,48317.0,2.15,1.37
2676,48319.0,1.01,1.58
2677,48321.0,1.82,1.58
2678,48323.0,1.58,3.43
2679,48325.0,1.0,1.19
2680,48327.0,1.0,1.58
2681,48329.0,1.01,1.0
2682,48331.0,1.37,1.58
2683,48333.0,2.15,1.01
2684,48335.0,0.78,2.61
2685,48337.0,2.61,3.43
2686,48339.0,3.43,0.78
2687,48341.0,0.78,3.43
2688,48343.0,1.19,2.15
2689,48345.0,1.01,1.01
2690,48347.0,1.37,1.82
2691,48349.0,1.19,0.78
2692,48351.0,1.19,1.01
2693,48353.0,1.58,1.37
2694,48355.0,1.19,3.43
2695,48357.0,0.78,0.78
2696,48359.0,1.01,1.37
2697,48361.0,1.82,0.78
2698,48363.0,1.82,0.78
2699,48365.0,1.01,2.15
2700,48367.0,1.0,2.61
2701,48369.0,0.78,1.19
2702,48371.0,1.01,1.0
2703,48373.0,3.43,0.78
2704,48375.0,0.78,0.78
2705,48377.0,1.37,2.15
2706,48379.0,1.0,0.78
2707,48381.0,3.43,1.01
2708,48383.0,0.78,1.0
2709,48385.0,0.78,3.43
2710,48387.0,2.61,0.78
2711,48389.0,0.78,3.43
2712,48391.0,1.82,2.61
2713,48393.0,2.15,0.78
2714,48395.0,1.58,2.15
2715,48397.0,1.0,0.78
2716,48399.0,0.78,1.82
2717,48401.0,1.37,1.0
2718,48403.0,1.01,1.58
2719,48405.0,2.61,2.15
2720,48407.0,1.0,1.82
2721,48409.0,2.61,1.82
2722,48411.0,1.82,1.0
2723,48413.0,3.43,1.82
2724,48415.0,1.01,1.01
2725,48417.0,1.01,2.61
2726,48419.0,1.58,1.01
2727,48421.0,0.78,0.78
2728,48423.0,1.58,1.82
2729,48425.0,1.19,1.01
2730,48427.0,1.82,1.37
2731,48429.0,0.78,1.58
2732,48431.0,0.78,2.15
2733,48433.0,0.78,0.78
2734,48435.0,2.61,1.0
2735,48437.0,0.78,0.78
2736,48439.0,1.58,1.37
2737,48441.0,1.19,1.19
2738,48443.0,0.78,1.37
2739,48445.0,1.19,1.37
2740,48447.0,3.43,0.78
2741,48449.0,1.01,1.58
2742,48451.0,1.37,0.78
2743,48453.0,1.37,1.19
2744,48455.0,3.43,1.82
2745,48457.0,1.82,1.01
2746,48459.0,1.0,1.0
2747,48461.0,0.78,1.82
2748,48463.0,1.82,2.61
2749,48465.0,1.58,0.78
2750,48467.0,3.43,1.58
2751,48469.0,1.37,1.19
2752,48471.0,1.01,3.43
2753,48473.0,1.58,1.37
2754,48475.0,0.78,1.37
2755,48477.0,1.37,1.58
2756,48479.0,1.37,0.78
2757,48481.0,1.19,1.82
2758,48483.0,0.78,1.19
2759,48485.0,1.19,1.82
2760,48487.0,0.78,0.78
2761,48489.0,1.82,1.19
2762,48491.0,3.43,1.37
2763,48493.0,1.0,1.19
2764,48495.0,1.01,2.61
2765,48497.0,1.58,1.0
2766,48499.0,2.61,0.78
2767,48501.0,0.78,3.43
2768,48503.0,1.01,2.15
2769,48505.0,0.78,0.78
2770,48507.0,1.37,1.37
2771,49001.0,1.37,1.37
2772,49003.0,1.58,1.01
2773,49005.0,1.82,1.19
2774,49007.0,1.19,2.15
2775,49009.0,0.78,1.58
2776,49011.0,3.43,1.58
2777,49013.0,1.19,0.78
2778,49015.0,0.78,3.43
2779,49017.0,1.58,1.37
2780,49019.0,1.58,1.37
2781,49021.0,2.61,1.37
2782,49023.0,1.82,2.61
2783,49025.0,1.37,1.82
2784,49027.0,1.82,3.43
2785,49029.0,1.0,1.82
2786,49031.0,0.78,2.15
2787,49033.0,0.78,1.0
2788,49035.0,1.82,2.61
2789,49037.0,1.37,1.19
2790,49039.0,2.61,1.37
2791,49041.0,2.15,1.58
2792,49043.0,1.0,2.15
2793,49045.0,3.43,1.58
2794,49047.0,1.58,1.0
2795,49049.0,3.43,1.0
2796,49051.0,1.0,2.15
2797,49053.0,3.43,2.61
2798,49055.0,2.15,1.0
2799,49057.0,2.15,3.43
2800,50001.0,1.58,2.61
2801,50003.0,1.82,2.15
2802,50005.0,1.58,1.37
2803,50007.0,1.37,1.58
2804,50009.0,3.43,1.58
2805,50011.0,2.15,1.19
2806,50013.0,1.0,1.82
2807,50015.0,2.61,2.61
2808,50017.0,2.61,1.0
2809,50019.0,2.15,2.61
2810,50021.0,1.82,2.15
2811,50023.0,1.82,1.58
2812,50025.0,1.58,1.37
2813,50027.0,2.15,1.37
2814,51001.0,2.15,1.58
2815,51003.0,2.61,1.58
2816,51005.0,1.82,1.37
2817,51007.0,1.0,2.15
2818,51009.0,2.61,3.43
2819,51011.0,3.43,1.0
2820,51013.0,1.19,2.61
2821,51015.0,2.61,1.0
2822,51017.0,1.58,1.01
2823,51019.0,1.0,1.82
2824,51021.0,1.37,1.37
2825,51023.0,3.43,1.0
2826,51025.0,1.58,1.58
2827,51027.0,1.58,3.43
2828,51029.0,2.61,1.58
2829,51031.0,2.61,1.37
2830,51033.0,1.0,1.19
2831,51035.0,2.61,1.82
2832,51036.0,2.61,1.0
2833,51037.0,1.0,3.43
2834,51041.0,3.43,2.61
2835,51043.0,1.0,2.61
2836,51045.0,1.0,2.61
2837,51047.0,1.0,1.0
2838,51049.0,1.0,1.82
2839,51051.0,1.58,3.43
2840,51053.0,2.61,1.0
2841,51057.0,3.43,1.19
2842,51059.0,2.61,1.58
2843,51061.0,1.0,2.61
2844,51063.0,1.0,1.58
2845,51065.0,1.0,1.0
2846,51067.0,1.0,1.0
2847,51069.0,1.0,1.0
2848,51071.0,2.61,2.61
2849,51073.0,1.0,2.61
2850,51075.0,2.15,2.15
2851,51077.0,1.0,1.0
2852,51079.0,1.0,1.01
2853,51081.0,1.82,3.43
2854,51083.0,1.82,1.0
2855,51085.0,3.43,1.19
2856,51087.0,1.58,1.58
2857,51089.0,2.15,2.15
2858,51091.0,1.58,1.37
2859,51093.0,1.0,1.82
2860,51095.0,1.0,2.15
2861,51097.0,1.0,1.0
2862,51099.0,1.82,1.0
2863,51101.0,1.0,1.0
2864,51103.0,2.61,1.58
2865,51105.0,1.19,1.0
2866,51107.0,1.0,2.61
2867,51109.0,1.0,1.82
2868,51111.0,3.43,3.43
2869,51113.0,1.0,1.0
2870,51115.0,1.0,3.43
2871,51117.0,2.15,3.43
2872,51119.0,3.43,1.0
2873,51121.0,1.82,1.82
2874,51125.0,1.0,1.0
2875,51127.0,1.0,1.19
2876,51131.0,2.15,1.0
2877,51133.0,1.0,1.0
2878,51135.0,1.82,2.61
2879,51137.0,1.0,1.0
2880,51139.0,3.43,1.82
2881,51141.0,2.15,1.0
2882,51143.0,3.43,1.0
2883,51145.0,1.0,2.15
2884,51147.0,1.01,2.61
2885,51149.0,2.61,1.0
2886,51153.0,1.0,1.82
2887,51155.0,1.58,1.58
2888,51157.0,1.0,1.0
2889,51159.0,1.58,1.01
2890,51161.0,3.43,1.0
2891,51163.0,3.43,1.19
2892,51165.0,2.15,2.15
2893,51167.0,2.61,1.0
2894,51169.0,2.61,1.58
2895,51171.0,3.43,2.15
2896,51173.0,1.37,2.15
2897,51175.0,3.43,3.43
2898,51177.0,1.0,1.19
2899,51179.0,1.0,1.82
2900,51181.0,0.78,1.0
2901,51183.0,1.58,1.0
2902,51185.0,1.58,1.01
2903,51187.0,1.0,0.78
2904,51191.0,1.82,1.58
2905,51193.0,1.0,3.43
2906,51195.0,1.37,1.82
2907,51197.0,2.15,1.0
2908,51199.0,1.0,1.37
2909,51510.0,1.82,1.37
2910,51515.0,1.01,1.0
2911,51520.0,0.78,1.58
2912,51530.0,1.82,1.19
2913,51540.0,0.78,1.37
2914,51550.0,3.43,0.78
2915,51570.0,1.82,2.61
2916,51580.0,0.78,1.37
2917,51590.0,0.78,0.78
2918,51595.0,0.78,0.78
2919,51600.0,1.58,0.78
2920,51610.0,1.82,1.82
2921,51620.0,1.37,1.82
2922,51630.0,1.19,1.82
2923,51640.0,0.78,1.01
2924,51650.0,2.15,0.78
2925,51660.0,0.78,1.58
2926,51670.0,1.58,0.78
2927,51678.0,1.58,1.19
2928,51680.0,0.78,1.19
2929,51683.0,1.37,0.78
2930,51685.0,1.0,1.37
2931,51690.0,1.01,1.0
2932,51700.0,1.58,0.78
2933,51710.0,1.01,1.01
2934,51720.0,0.78,1.01
2935,51730.0,1.01,0.78
2936,51735.0,1.0,1.19
2937,51740.0,1.82,1.0
2938,51750.0,0.78,1.58
2939,51760.0,0.78,1.01
2940,51770.0,0.78,0.78
2941,51775.0,0.78,0.78
2942,51790.0,2.61,0.78
2943,51800.0,1.0,1.82
2944,51810.0,1.0,3.43
2945,51820.0,1.37,3.43
2946,51830.0,1.37,1.82
2947,51840.0,0.78,0.78
2948,53001.0,1.37,0.78
2949,53003.0,3.43,1.58
2950,53005.0,1.58,3.43
2951,53007.0,2.15,1.58
2952,53009.0,3.43,1.82
2953,53011.0,1.0,2.61
2954,53013.0,0.78,3.43
2955,53015.0,2.61,0.78
2956,53017.0,3.43,2.15
2957,53019.0,2.15,3.43
2958,53021.0,1.82,1.58
2959,53023.0,1.58,2.15
2960,53025.0,1.82,1.58
2961,53027.0,3.43,1.58
2962,53029.0,1.0,2.15
2963,53031.0,1.0,1.0
2964,53033.0,2.15,3.43
2965,53035.0,1.0,1.19
2966,53037.0,1.0,3.43
2967,53039.0,2.15,2.61
2968,53041.0,2.15,1.58
2969,53043.0,1.0,2.61
2970,53045.0,1.0,3.43
2971,53047.0,2.15,1.0
2972,53049.0,1.0,1.58
2973,53051.0,2.15,3.43
2974,53053.0,1.0,2.61
2975,53055.0,1.0,3.43
2976,53057.0,3.43,1.0
2977,53059.0,1.0,2.61
2978,53061.0,1.0,1.0
2979,53063.0,2.15,3.43
2980,53065.0,1.0,1.82
2981,53067.0,3.43,3.43
2982,53069.0,2.61,2.15
2983,53071.0,1.58,1.0
2984,53073.0,3.43,1.58
2985,53075.0,1.19,2.61
2986,53077.0,1.58,1.19
2987,54001.0,2.15,1.58
2988,54003.0,3.43,1.19
2989,54005.0,1.01,3.43
2990,54007.0,1.19,1.82
2991,54009.0,1.37,1.58
2992,54011.0,1.01,1.19
2993,54013.0,1.58,0.78
2994,54015.0,1.19,1.82
2995,54017.0,1.82,2.15
2996,54019.0,1.82,0.78
2997,54021.0,1.01,1.82
2998,54023.0,1.01,0.78
2999,54025.0,2.15,1.37
3000,54027.0,1.0,2.15
3001,54029.0,1.37,3.43
3002,54031.0,1.19,1.82
3003,54033.0,1.37,1.82
3004,54035.0,1.37,1.19
3005,54037.0,1.0,1.82
3006,54039.0,1.01,1.0
3007,54041.0,1.58,1.01
3008,54043.0,2.61,1.58
3009,54045.0,1.37,1.0
3010,54047.0,1.01,1.19
3011,54049.0,1.19,0.78
3012,54051.0,1.01,1.58
3013,54053.0,1.58,1.01
3014,54055.0,1.58,1.19
3015,54057.0,2.61,1.58
3016,54059.0,1.01,1.58
3017,54061.0,1.19,2.61
3018,54063.0,3.43,1.19
3019,54065.0,1.0,1.0
3020,54067.0,1.19,3.43
3021,54069.0,0.78,1.58
3022,54071.0,2.15,0.78
3023,54073.0,0.78,1.82
3024,54075.0,1.58,0.78
3025,54077.0,1.82,2.15
3026,54079.0,1.82,2.61
3027,54081.0,1.58,1.82
3028,54083.0,1.37,1.37
3029,54085.0,1.01,1.19
3030,54087.0,1.58,1.19
3031,54089.0,1.0,2.15
3032,54091.0,3.43,1.58
3033,54093.0,3.43,2.61
3034,54095.0,1.19,1.58
3035,54097.0,1.58,1.82
3036,54099.0,1.19,2.15
3037,54101.0,1.58,1.58
3038,54103.0,1.58,1.01
3039,54105.0,3.43,1.58
3040,54107.0,1.19,2.61
3041,54109.0,1.37,1.19
3042,55001.0,3.43,1.37
3043,55003.0,0.78,3.43
3044,55005.0,1.37,1.01
3045,55007.0,2.61,1.37
3046,55009.0,1.19,3.43
3047,55011.0,1.19,1.19
3048,55013.0,2.61,2.15
3049,55015.0,3.43,2.61
3050,55017.0,1.58,2.61
3051,55019.0,1.37,2.61
3052,55021.0,3.43,1.37
3053,55023.0,1.37,2.61
3054,55025.0,1.37,1.37
3055,55027.0,1.37,1.19
3056,55029.0,3.43,1.37
3057,55031.0,1.82,2.61
3058,55033.0,1.58,1.58
3059,55035.0,1.37,1.19
3060,55037.0,3.43,1.37
3061,55039.0,1.58,1.0
3062,55041.0,1.19,1.58
3063,55043.0,1.58,1.82
3064,55045.0,1.82,1.58
3065,55047.0,1.19,1.82
3066,55049.0,2.15,2.15
3067,55051.0,3.43,1.37
3068,55053.0,0.78,1.0
3069,55055.0,2.15,1.58
3070,55057.0,1.37,1.82
3071,55059.0,3.43,1.37
3072,55061.0,1.37,1.82
3073,55063.0,1.19,1.58
3074,55065.0,3.43,1.19
3075,55067.0,1.19,2.15
3076,55069.0,2.15,1.82
3077,55071.0,1.37,1.19
3078,55073.0,1.19,1.19
3079,55075.0,1.19,1.01
3080,55077.0,1.0,1.01
3081,55078.0,0.78,1.0
3082,55079.0,1.01,0.78
3083,55081.0,1.01,0.78
3084,55083.0,1.0,1.19
3085,55085.0,2.15,1.0
3086,55087.0,1.37,1.58
3087,55089.0,2.61,1.01
3088,55091.0,2.15,2.15
3089,55093.0,1.0,2.15
3090,55095.0,3.43,3.43
3091,55097.0,1.37,2.15
3092,55099.0,1.19,1.01
3093,55101.0,2.15,1.01
3094,55103.0,1.19,1.58
3095,55105.0,1.82,1.82
3096,55107.0,1.82,1.37
3097,55109.0,1.0,1.82
3098,55111.0,1.37,3.43
3099,55113.0,2.61,1.19
3100,55115.0,2.15,1.58
3101,55117.0,1.19,1.82
3102,55119.0,1.19,1.01
3103,55121.0,1.01,1.19
3104,55123.0,1.37,1.19
3105,55125.0,3.43,1.82
3106,55127.0,3.43,2.15
3107,55129.0,1.0,2.15
3108,55131.0,3.43,3.43
3109,55133.0,1.82,2.15
3110,55135.0,1.82,1.58
3111,55137.0,3.43,1.82
3112,55139.0,1.01,2.61
3113,55141.0,0.78,1.01
3114,56001.0,1.82,1.01
3115,56003.0,1.37,1.19
3116,56005.0,1.01,2.15
3117,56007.0,1.01,1.19
3118,56009.0,1.82,1.19
3119,56011.0,2.15,1.37
3120,56013.0,1.37,2.15
3121,56015.0,2.15,1.58
3122,56017.0,1.01,2.15
3123,56019.0,1.0,1.01
3124,56021.0,1.82,2.61
3125,56023.0,1.82,1.82
3126,56025.0,1.19,1.58
3127,56027.0,1.19,1.58
3128,56029.0,1.58,1.19
3129,56031.0,1.82,2.15
3130,56033.0,1.58,2.15
3131,56035.0,1.19,2.61
3132,56037.0,0.78,2.15
3133,56039.0,2.61,1.37
3134,56041.0,1.37,0.78
3135,56043.0,1.19,2.15
3136,56045.0,2.15,2.61
3137,,,1.58
